Using defaults initial nominal = 100.0, noise = 5.0
For other settings use java Simulation <nom> <noise>
 100.00 (100.0):  0.0
 103.69 (101.0):  2.7
  95.21 (100.0): -4.8
  99.66 (101.0): -1.3
  98.97 (100.0): -1.0
 100.92 ( 99.0):  1.9
 102.10 (100.0):  2.1
  99.00 (101.0): -2.0
 103.22 (102.0):  1.2
 102.33 (103.0): -0.7
 103.82 (102.0):  1.8
 101.33 (101.0):  0.3
 125.00 (100.0): 25.0
 124.86 ( 99.0): 25.9
 124.11 (100.0): 24.1
 103.44 (101.0):  2.4
 100.08 (102.0): -1.9
  96.76 (101.0): -4.2
  99.77 (100.0): -0.2
 100.24 ( 99.0):  1.2
 100.74 (100.0):  0.7
 123.54 ( 99.0): 24.5
 125.33 (100.0): 25.3
 125.32 (101.0): 24.3
 103.04 (102.0):  1.0
 104.96 (103.0):  2.0
  92.70 (102.0): -9.3
 102.27 (101.0):  1.3
  99.07 (100.0): -0.9
 100.86 (101.0): -0.1
  98.31 (100.0): -1.7
  99.01 (101.0): -2.0
 101.36 (100.0):  1.4
 100.65 ( 99.0):  1.7
 100.94 (100.0):  0.9
  99.82 (101.0): -1.2
  95.66 (100.0): -4.3
  98.19 ( 99.0): -0.8
 127.21 (100.0): 27.2
 122.77 ( 99.0): 23.8
 124.83 (100.0): 24.8
 100.97 (101.0): -0.0
 100.71 (102.0): -1.3
 102.34 (103.0): -0.7
 104.50 (102.0):  2.5
 103.98 (103.0):  1.0
  98.65 (102.0): -3.4
 100.08 (103.0): -2.9
 108.49 (104.0):  4.5
  99.52 (103.0): -3.5
 102.63 (102.0):  0.6
 102.72 (101.0):  1.7
  98.83 (100.0): -1.2
  97.75 (101.0): -3.3
 100.68 (102.0): -1.3
 102.03 (103.0): -1.0
 106.79 (104.0):  2.8
 101.69 (103.0): -1.3
 100.35 (102.0): -1.7
  96.52 (101.0): -4.5
 100.06 (100.0):  0.1
 100.10 (101.0): -0.9
 101.49 (102.0): -0.5
 100.72 (103.0): -2.3
 103.64 (104.0): -0.4
 107.97 (103.0):  5.0
 101.98 (104.0): -2.0
 102.03 (105.0): -3.0
 103.51 (104.0): -0.5
 104.95 (103.0):  2.0
 104.37 (104.0):  0.4
 109.92 (105.0):  4.9
 104.14 (104.0):  0.1
 106.83 (103.0):  3.8
 106.97 (104.0):  3.0
 103.78 (105.0): -1.2
 105.34 (104.0):  1.3
 124.00 (103.0): 21.0
 128.00 (104.0): 24.0
 129.03 (105.0): 24.0
 131.01 (104.0): 27.0
 130.05 (103.0): 27.0
 125.27 (104.0): 21.3
 131.89 (103.0): 28.9
 127.50 (104.0): 23.5
 132.56 (105.0): 27.6
 125.92 (104.0): 21.9
 125.84 (105.0): 20.8
 132.06 (106.0): 26.1
 127.32 (105.0): 22.3
 128.33 (104.0): 24.3
 104.47 (103.0):  1.5
 103.17 (102.0):  1.2
 102.74 (101.0):  1.7
 102.99 (102.0):  1.0
 104.36 (103.0):  1.4
 100.49 (102.0): -1.5
 102.82 (103.0): -0.2
 102.22 (104.0): -1.8
 102.12 (105.0): -2.9
 105.67 (106.0): -0.3
 106.03 (107.0): -1.0
 102.95 (106.0): -3.0
 106.20 (105.0):  1.2
 108.77 (106.0):  2.8
 107.45 (107.0):  0.5
 102.24 (106.0): -3.8
 112.24 (107.0):  5.2
 102.49 (108.0): -5.5
 108.60 (107.0):  1.6
 104.14 (106.0): -1.9
 107.52 (107.0):  0.5
 106.64 (106.0):  0.6
 107.92 (107.0):  0.9
 134.89 (106.0): 28.9
 128.90 (105.0): 23.9
 128.51 (106.0): 22.5
 109.13 (107.0):  2.1
 111.42 (108.0):  3.4
 108.66 (109.0): -0.3
 113.70 (110.0):  3.7
 115.52 (111.0):  4.5
 112.89 (112.0):  0.9
 109.09 (111.0): -1.9
 110.33 (110.0):  0.3
 108.29 (111.0): -2.7
 110.76 (110.0):  0.8
 110.99 (109.0):  2.0
 108.40 (110.0): -1.6
 112.41 (109.0):  3.4
 108.58 (110.0): -1.4
 109.62 (111.0): -1.4
 108.56 (110.0): -1.4
 110.94 (111.0): -0.1
 110.71 (110.0):  0.7
 115.78 (111.0):  4.8
 112.04 (112.0):  0.0
 111.19 (113.0): -1.8
 112.88 (114.0): -1.1
 110.10 (115.0): -4.9
 112.36 (114.0): -1.6
 112.10 (115.0): -2.9
 115.01 (116.0): -1.0
 135.23 (115.0): 20.2
 137.21 (116.0): 21.2
 132.97 (115.0): 18.0
 137.57 (116.0): 21.6
 133.73 (115.0): 18.7
 137.92 (116.0): 21.9
 138.40 (117.0): 21.4
 136.50 (116.0): 20.5
 138.91 (117.0): 21.9
 137.37 (118.0): 19.4
 136.43 (119.0): 17.4
 140.69 (118.0): 22.7
 114.68 (117.0): -2.3
 118.74 (118.0):  0.7
 112.31 (119.0): -6.7
 123.69 (118.0):  5.7
 120.09 (117.0):  3.1
 120.60 (116.0):  4.6
 117.08 (117.0):  0.1
 118.28 (118.0):  0.3
 117.56 (119.0): -1.4
 124.20 (120.0):  4.2
 122.07 (121.0):  1.1
 115.90 (120.0): -4.1
 122.20 (121.0):  1.2
 120.75 (122.0): -1.3
 126.72 (121.0):  5.7
 120.49 (120.0):  0.5
 125.48 (121.0):  4.5
 120.43 (122.0): -1.6
 118.69 (121.0): -2.3
 124.33 (120.0):  4.3
 115.02 (119.0): -4.0
 116.12 (118.0): -1.9
 117.86 (117.0):  0.9
 114.74 (116.0): -1.3
 112.27 (115.0): -2.7
 117.92 (116.0):  1.9
 114.45 (115.0): -0.5
 116.76 (116.0):  0.8
 114.88 (115.0): -0.1
 113.35 (114.0): -0.6
 108.32 (115.0): -6.7
 117.11 (116.0):  1.1
 112.64 (115.0): -2.4
 116.93 (114.0):  2.9
 118.43 (115.0):  3.4
 115.92 (116.0): -0.1
 114.18 (115.0): -0.8
 113.74 (114.0): -0.3
 117.83 (115.0):  2.8
 133.26 (114.0): 19.3
 135.53 (115.0): 20.5
 136.29 (114.0): 22.3
 135.66 (113.0): 22.7
 133.49 (112.0): 21.5
 133.85 (113.0): 20.9
 134.35 (112.0): 22.4
 137.10 (113.0): 24.1
 109.48 (112.0): -2.5
 111.54 (113.0): -1.5
 115.50 (114.0):  1.5
 112.21 (113.0): -0.8
 109.69 (114.0): -4.3
 115.21 (113.0):  2.2
 113.02 (112.0):  1.0
 108.76 (113.0): -4.2
 134.37 (112.0): 22.4
 131.72 (113.0): 18.7
 134.78 (112.0): 22.8
 134.09 (113.0): 21.1
 115.21 (114.0):  1.2
 116.91 (113.0):  3.9
 114.61 (112.0):  2.6
 114.75 (113.0):  1.8
 117.72 (112.0):  5.7
 109.00 (111.0): -2.0
 110.80 (112.0): -1.2
 109.93 (113.0): -3.1
 111.30 (114.0): -2.7
 111.53 (113.0): -1.5
 108.84 (112.0): -3.2
 112.21 (113.0): -0.8
 113.61 (112.0):  1.6
 109.49 (113.0): -3.5
 114.23 (114.0):  0.2
 111.69 (113.0): -1.3
 109.15 (112.0): -2.9
 111.11 (113.0): -1.9
 110.90 (112.0): -1.1
 111.86 (113.0): -1.1
 113.45 (112.0):  1.4
 113.09 (111.0):  2.1
 109.49 (112.0): -2.5
 111.96 (111.0):  1.0
 107.09 (110.0): -2.9
 108.66 (109.0): -0.3
 108.89 (108.0):  0.9
 107.26 (109.0): -1.7
 105.44 (110.0): -4.6
 106.64 (111.0): -4.4
 105.13 (110.0): -4.9
 108.69 (111.0): -2.3
 117.62 (112.0):  5.6
 110.68 (111.0): -0.3
 111.69 (112.0): -0.3
 115.09 (113.0):  2.1
 112.28 (114.0): -1.7
 135.40 (115.0): 20.4
 133.87 (114.0): 19.9
 134.66 (113.0): 21.7
 136.37 (112.0): 24.4
 136.20 (111.0): 25.2
 130.85 (112.0): 18.8
 135.80 (113.0): 22.8
 134.52 (114.0): 20.5
 135.51 (115.0): 20.5
 139.16 (116.0): 23.2
 137.96 (117.0): 21.0
 138.92 (118.0): 20.9
 139.21 (119.0): 20.2
 137.70 (118.0): 19.7
 136.16 (117.0): 19.2
 140.42 (116.0): 24.4
 117.46 (115.0):  2.5
 111.86 (114.0): -2.1
 112.39 (113.0): -0.6
 114.94 (114.0):  0.9
 115.24 (115.0):  0.2
 111.93 (114.0): -2.1
 107.98 (113.0): -5.0
 115.49 (114.0):  1.5
 114.51 (113.0):  1.5
 111.16 (114.0): -2.8
 117.50 (115.0):  2.5
 112.22 (114.0): -1.8
 113.94 (115.0): -1.1
 116.41 (114.0):  2.4
 114.23 (113.0):  1.2
 111.58 (112.0): -0.4
 115.87 (113.0):  2.9
 107.80 (112.0): -4.2
 119.43 (113.0):  6.4
 114.44 (114.0):  0.4
 116.91 (115.0):  1.9
 114.45 (114.0):  0.4
 113.85 (113.0):  0.9
 113.11 (112.0):  1.1
 112.70 (111.0):  1.7
 111.42 (110.0):  1.4
 101.77 (109.0): -7.2
 103.70 (108.0): -4.3
 104.19 (107.0): -2.8
 109.32 (108.0):  1.3
 107.57 (107.0):  0.6
 108.31 (106.0):  2.3
 104.35 (105.0): -0.7
 102.01 (104.0): -2.0
 104.23 (105.0): -0.8
 109.55 (106.0):  3.6
 109.00 (105.0):  4.0
 106.58 (106.0):  0.6
 103.60 (105.0): -1.4
 105.72 (106.0): -0.3
 104.06 (107.0): -2.9
 108.64 (108.0):  0.6
 105.27 (109.0): -3.7
 107.87 (110.0): -2.1
 112.72 (111.0):  1.7
 108.51 (110.0): -1.5
 110.61 (109.0):  1.6
 106.81 (108.0): -1.2
 107.99 (109.0): -1.0
 108.25 (108.0):  0.3
 113.96 (109.0):  5.0
 108.60 (110.0): -1.4
 112.32 (109.0):  3.3
 106.08 (108.0): -1.9
 107.34 (109.0): -1.7
 108.20 (110.0): -1.8
 107.52 (111.0): -3.5
 110.47 (112.0): -1.5
 113.91 (113.0):  0.9
 112.19 (112.0):  0.2
 108.22 (111.0): -2.8
 110.63 (110.0):  0.6
 115.87 (111.0):  4.9
 111.06 (112.0): -0.9
 109.00 (111.0): -2.0
 109.95 (112.0): -2.0
 111.14 (111.0):  0.1
 109.56 (110.0): -0.4
 110.81 (111.0): -0.2
 113.26 (110.0):  3.3
 110.42 (111.0): -0.6
 108.27 (112.0): -3.7
 115.08 (113.0):  2.1
 112.34 (114.0): -1.7
 115.68 (115.0):  0.7
 135.61 (116.0): 19.6
 136.12 (115.0): 21.1
 137.65 (116.0): 21.6
 141.21 (117.0): 24.2
 140.37 (118.0): 22.4
 137.72 (117.0): 20.7
 115.03 (118.0): -3.0
 117.64 (119.0): -1.4
 119.15 (118.0):  1.2
 112.29 (117.0): -4.7
 124.07 (118.0):  6.1
 119.49 (119.0):  0.5
 118.19 (120.0): -1.8
 123.16 (121.0):  2.2
 117.29 (122.0): -4.7
 120.88 (123.0): -2.1
 143.19 (124.0): 19.2
 139.41 (125.0): 14.4
 141.76 (124.0): 17.8
 144.08 (123.0): 21.1
 144.69 (124.0): 20.7
 126.17 (123.0):  3.2
 129.60 (124.0):  5.6
 122.50 (125.0): -2.5
 121.72 (124.0): -2.3
 118.08 (123.0): -4.9
 124.99 (124.0):  1.0
 125.93 (123.0):  2.9
 124.83 (124.0):  0.8
 123.83 (123.0):  0.8
 118.62 (124.0): -5.4
 125.83 (125.0):  0.8
 125.89 (126.0): -0.1
 125.26 (127.0): -1.7
 127.70 (128.0): -0.3
 130.57 (127.0):  3.6
 129.77 (126.0):  3.8
 125.95 (127.0): -1.1
 130.12 (126.0):  4.1
 122.22 (125.0): -2.8
 144.75 (126.0): 18.8
 145.72 (127.0): 18.7
 144.60 (128.0): 16.6
 147.51 (129.0): 18.5
 127.32 (128.0): -0.7
 131.71 (129.0):  2.7
 124.70 (128.0): -3.3
 131.05 (127.0):  4.0
 129.33 (128.0):  1.3
 127.34 (129.0): -1.7
 126.84 (128.0): -1.2
 126.34 (127.0): -0.7
 126.56 (128.0): -1.4
 130.61 (129.0):  1.6
 125.90 (128.0): -2.1
 129.60 (127.0):  2.6
 133.27 (128.0):  5.3
 127.28 (127.0):  0.3
 127.89 (126.0):  1.9
 126.88 (125.0):  1.9
 127.79 (124.0):  3.8
 124.61 (125.0): -0.4
 142.79 (124.0): 18.8
 128.04 (125.0):  3.0
 129.05 (126.0):  3.1
 125.56 (125.0):  0.6
 127.72 (126.0):  1.7
 123.14 (125.0): -1.9
 123.73 (124.0): -0.3
 125.24 (123.0):  2.2
 124.77 (124.0):  0.8
 125.20 (123.0):  2.2
 124.73 (124.0):  0.7
 122.21 (125.0): -2.8
 125.56 (126.0): -0.4
 125.27 (127.0): -1.7
 133.14 (128.0):  5.1
 128.64 (129.0): -0.4
 129.49 (130.0): -0.5
 129.60 (131.0): -1.4
 129.38 (130.0): -0.6
 130.16 (129.0):  1.2
 133.14 (130.0):  3.1
 129.60 (129.0):  0.6
 130.18 (128.0):  2.2
 142.64 (127.0): 15.6
 141.60 (126.0): 15.6
 146.02 (127.0): 19.0
 146.13 (128.0): 18.1
 145.86 (127.0): 18.9
 144.68 (126.0): 18.7
 144.69 (125.0): 19.7
 142.73 (124.0): 18.7
 142.63 (125.0): 17.6
 144.54 (124.0): 20.5
 143.13 (125.0): 18.1
 126.79 (126.0):  0.8
 122.91 (125.0): -2.1
 123.11 (124.0): -0.9
 122.90 (125.0): -2.1
 127.87 (126.0):  1.9
 126.84 (125.0):  1.8
 125.22 (126.0): -0.8
 127.47 (125.0):  2.5
 127.04 (126.0):  1.0
 126.89 (127.0): -0.1
 126.29 (128.0): -1.7
 124.83 (127.0): -2.2
 127.21 (128.0): -0.8
 123.69 (127.0): -3.3
 125.11 (126.0): -0.9
 129.17 (125.0):  4.2
 126.03 (126.0):  0.0
 123.98 (125.0): -1.0
 120.22 (124.0): -3.8
 125.64 (123.0):  2.6
 125.63 (124.0):  1.6
 124.05 (125.0): -1.0
 143.44 (124.0): 19.4
 140.53 (123.0): 17.5
 147.45 (124.0): 23.5
 145.43 (125.0): 20.4
 144.59 (126.0): 18.6
 124.47 (125.0): -0.5
 122.47 (124.0): -1.5
 140.61 (123.0): 17.6
 119.14 (122.0): -2.9
 126.88 (121.0):  5.9
 115.90 (120.0): -4.1
 140.38 (119.0): 21.4
 120.12 (118.0):  2.1
 118.94 (119.0): -0.1
 122.65 (120.0):  2.6
 115.54 (119.0): -3.5
 123.52 (120.0):  3.5
 122.12 (119.0):  3.1
 117.76 (120.0): -2.2
 124.49 (121.0):  3.5
 126.18 (120.0):  6.2
 121.13 (121.0):  0.1
 124.39 (122.0):  2.4
 118.98 (123.0): -4.0
 126.73 (124.0):  2.7
 121.63 (125.0): -3.4
 126.57 (126.0):  0.6
 132.11 (127.0):  5.1
 128.41 (126.0):  2.4
 129.73 (127.0):  2.7
 143.53 (126.0): 17.5
 144.89 (125.0): 19.9
 142.66 (124.0): 18.7
 139.33 (123.0): 16.3
 137.20 (122.0): 15.2
 139.84 (121.0): 18.8
 140.37 (122.0): 18.4
 143.85 (123.0): 20.8
 143.20 (124.0): 19.2
 127.58 (125.0):  2.6
 119.74 (126.0): -6.3
 125.39 (125.0):  0.4
 128.30 (126.0):  2.3
 125.66 (127.0): -1.3
 130.39 (128.0):  2.4
 130.40 (129.0):  1.4
 127.50 (128.0): -0.5
 129.58 (127.0):  2.6
 130.02 (128.0):  2.0
 126.50 (127.0): -0.5
 123.98 (126.0): -2.0
 126.30 (125.0):  1.3
 126.57 (126.0):  0.6
 124.14 (127.0): -2.9
 126.84 (126.0):  0.8
 123.72 (127.0): -3.3
 128.70 (128.0):  0.7
 120.50 (127.0): -6.5
