Using defaults initial nominal = 100.0, noise = 5.0
For other settings use java Simulation <nom> <noise>
 100.00 (100.0):  0.0
  94.01 (101.0): -7.0
 101.96 (100.0):  2.0
  93.51 ( 99.0): -5.5
  90.12 ( 98.0): -7.9
 105.37 ( 99.0):  6.4
  95.96 ( 98.0): -2.0
 108.67 ( 99.0):  9.7
 105.99 (100.0):  6.0
 101.80 ( 99.0):  2.8
  95.31 ( 98.0): -2.7
  99.58 ( 99.0):  0.6
 102.19 (100.0):  2.2
 110.48 (101.0):  9.5
  96.12 (100.0): -3.9
 101.83 (101.0):  0.8
 101.11 (102.0): -0.9
 108.56 (103.0):  5.6
 102.17 (102.0):  0.2
 100.69 (101.0): -0.3
 107.83 (102.0):  5.8
  98.59 (101.0): -2.4
 100.30 (100.0):  0.3
 103.98 ( 99.0):  5.0
 100.10 ( 98.0):  2.1
 104.65 ( 97.0):  7.7
 100.60 ( 98.0):  2.6
 103.27 ( 97.0):  6.3
 108.31 ( 98.0): 10.3
  91.58 ( 97.0): -5.4
  90.19 ( 98.0): -7.8
  96.60 ( 99.0): -2.4
  94.49 ( 98.0): -3.5
 103.71 ( 99.0):  4.7
  96.35 (100.0): -3.7
  86.78 ( 99.0): -12.2
  92.64 (100.0): -7.4
 102.84 (101.0):  1.8
 101.52 (100.0):  1.5
 114.57 (101.0): 13.6
  92.94 (100.0): -7.1
  95.09 ( 99.0): -3.9
 111.18 ( 98.0): 13.2
  90.45 ( 97.0): -6.6
  98.43 ( 98.0):  0.4
  98.22 ( 99.0): -0.8
  96.45 (100.0): -3.6
  98.70 (101.0): -2.3
  88.29 (100.0): -11.7
  97.38 ( 99.0): -1.6
 101.09 (100.0):  1.1
  94.64 (101.0): -6.4
  99.64 (100.0): -0.4
 105.30 (101.0):  4.3
 100.77 (102.0): -1.2
  98.99 (101.0): -2.0
 113.97 (102.0): 12.0
 100.79 (103.0): -2.2
 105.55 (102.0):  3.6
 102.35 (103.0): -0.7
 108.29 (104.0):  4.3
 100.39 (103.0): -2.6
  98.33 (102.0): -3.7
 103.24 (101.0):  2.2
 103.13 (100.0):  3.1
  96.07 ( 99.0): -2.9
 102.43 (100.0):  2.4
 109.66 ( 99.0): 10.7
 107.91 (100.0):  7.9
  98.76 ( 99.0): -0.2
 109.37 ( 98.0): 11.4
  85.16 ( 99.0): -13.8
 100.35 (100.0):  0.4
  96.28 ( 99.0): -2.7
 104.90 ( 98.0):  6.9
  98.94 ( 97.0):  1.9
  99.81 ( 98.0):  1.8
 103.00 ( 97.0):  6.0
  96.00 ( 96.0):  0.0
  86.87 ( 97.0): -10.1
  94.15 ( 96.0): -1.8
 100.80 ( 97.0):  3.8
  97.63 ( 98.0): -0.4
 101.52 ( 97.0):  4.5
  91.86 ( 96.0): -4.1
  93.27 ( 97.0): -3.7
  89.59 ( 96.0): -6.4
  88.04 ( 95.0): -7.0
  86.94 ( 96.0): -9.1
  95.49 ( 95.0):  0.5
  88.11 ( 96.0): -7.9
 106.78 ( 97.0):  9.8
  92.79 ( 96.0): -3.2
 103.22 ( 95.0):  8.2
  89.61 ( 96.0): -6.4
 103.26 ( 97.0):  6.3
  89.27 ( 96.0): -6.7
  93.72 ( 95.0): -1.3
  91.63 ( 96.0): -4.4
  99.75 ( 95.0):  4.7
  97.28 ( 96.0):  1.3
  94.25 ( 97.0): -2.8
  97.00 ( 96.0):  1.0
  97.79 ( 95.0):  2.8
 102.15 ( 96.0):  6.2
  91.83 ( 95.0): -3.2
  99.41 ( 94.0):  5.4
 102.01 ( 95.0):  7.0
 104.68 ( 96.0):  8.7
  93.90 ( 95.0): -1.1
  95.20 ( 96.0): -0.8
  88.39 ( 95.0): -6.6
  97.51 ( 96.0):  1.5
 101.02 ( 95.0):  6.0
  97.86 ( 96.0):  1.9
 106.37 ( 97.0):  9.4
  91.81 ( 96.0): -4.2
 105.25 ( 95.0): 10.2
  93.24 ( 96.0): -2.8
 102.59 ( 97.0):  5.6
  97.15 ( 98.0): -0.8
 104.84 ( 99.0):  5.8
  99.73 (100.0): -0.3
  93.92 ( 99.0): -5.1
  97.59 ( 98.0): -0.4
  99.53 ( 99.0):  0.5
 100.23 (100.0):  0.2
 106.08 ( 99.0):  7.1
  93.76 ( 98.0): -4.2
 100.96 ( 97.0):  4.0
  88.66 ( 96.0): -7.3
 105.14 ( 95.0): 10.1
  95.75 ( 94.0):  1.7
  97.42 ( 95.0):  2.4
 104.16 ( 96.0):  8.2
  98.80 ( 95.0):  3.8
  88.86 ( 96.0): -7.1
 101.48 ( 97.0):  4.5
 100.32 ( 98.0):  2.3
 100.23 ( 97.0):  3.2
  92.45 ( 96.0): -3.5
  98.78 ( 97.0):  1.8
  93.85 ( 98.0): -4.1
  99.02 ( 97.0):  2.0
  98.18 ( 98.0):  0.2
 105.47 ( 99.0):  6.5
 102.72 (100.0):  2.7
 101.90 ( 99.0):  2.9
  99.73 (100.0): -0.3
  94.16 (101.0): -6.8
 108.05 (100.0):  8.0
 107.82 ( 99.0):  8.8
 105.04 ( 98.0):  7.0
 101.94 ( 97.0):  4.9
  95.47 ( 98.0): -2.5
  95.75 ( 99.0): -3.3
  93.54 (100.0): -6.5
  99.64 (101.0): -1.4
  93.43 (102.0): -8.6
 101.34 (103.0): -1.7
  98.68 (104.0): -5.3
 107.19 (105.0):  2.2
  97.62 (104.0): -6.4
 101.27 (105.0): -3.7
 104.39 (104.0):  0.4
 101.26 (105.0): -3.7
 110.35 (106.0):  4.4
 106.26 (105.0):  1.3
 111.10 (104.0):  7.1
 110.74 (103.0):  7.7
  95.32 (102.0): -6.7
 102.32 (103.0): -0.7
 104.04 (104.0):  0.0
 105.68 (105.0):  0.7
 103.73 (106.0): -2.3
 112.32 (105.0):  7.3
 102.36 (106.0): -3.6
 105.69 (107.0): -1.3
 103.71 (106.0): -2.3
 110.98 (107.0):  4.0
 107.67 (108.0): -0.3
 103.40 (107.0): -3.6
 106.83 (108.0): -1.2
 113.43 (107.0):  6.4
  99.76 (108.0): -8.2
 110.90 (109.0):  1.9
 119.38 (110.0):  9.4
 117.62 (111.0):  6.6
 114.96 (110.0):  5.0
 113.39 (111.0):  2.4
 116.38 (110.0):  6.4
 106.05 (111.0): -5.0
 110.79 (112.0): -1.2
 103.20 (111.0): -7.8
 115.27 (112.0):  3.3
 122.55 (113.0):  9.6
 108.48 (114.0): -5.5
 117.46 (115.0):  2.5
 114.36 (116.0): -1.6
 113.77 (115.0): -1.2
 121.61 (116.0):  5.6
 122.87 (115.0):  7.9
 115.61 (116.0): -0.4
 116.51 (117.0): -0.5
 119.24 (118.0):  1.2
 123.73 (119.0):  4.7
 114.30 (120.0): -5.7
 115.51 (121.0): -5.5
 117.02 (120.0): -3.0
 125.17 (119.0):  6.2
 111.57 (118.0): -6.4
 123.77 (119.0):  4.8
 125.15 (120.0):  5.1
 124.10 (121.0):  3.1
 109.65 (120.0): -10.4
 120.03 (119.0):  1.0
 119.92 (118.0):  1.9
 120.70 (119.0):  1.7
 122.71 (120.0):  2.7
 120.41 (119.0):  1.4
 115.99 (120.0): -4.0
 117.35 (121.0): -3.6
 127.03 (122.0):  5.0
 130.39 (121.0):  9.4
 117.48 (120.0): -2.5
 118.44 (121.0): -2.6
 110.66 (122.0): -11.3
 126.57 (123.0):  3.6
 130.88 (124.0):  6.9
 126.69 (123.0):  3.7
 119.75 (122.0): -2.3
 124.22 (121.0):  3.2
 114.80 (122.0): -7.2
 114.09 (121.0): -6.9
 119.76 (120.0): -0.2
 123.49 (121.0):  2.5
 128.00 (122.0):  6.0
 128.07 (123.0):  5.1
 121.97 (122.0): -0.0
 119.57 (123.0): -3.4
 139.22 (124.0): 15.2
 113.27 (123.0): -9.7
 115.39 (122.0): -6.6
 124.42 (123.0):  1.4
 124.93 (122.0):  2.9
 118.37 (121.0): -2.6
 118.38 (122.0): -3.6
 129.29 (123.0):  6.3
 127.39 (122.0):  5.4
 131.60 (121.0): 10.6
 106.56 (120.0): -13.4
 124.13 (119.0):  5.1
 120.25 (118.0):  2.3
 118.18 (117.0):  1.2
 124.46 (116.0):  8.5
 119.53 (115.0):  4.5
 120.73 (114.0):  6.7
 105.62 (113.0): -7.4
 117.55 (114.0):  3.5
 113.06 (115.0): -1.9
 107.77 (114.0): -6.2
 100.84 (115.0): -14.2
 113.02 (114.0): -1.0
 107.74 (113.0): -5.3
 115.07 (114.0):  1.1
 113.13 (113.0):  0.1
 111.58 (112.0): -0.4
 115.78 (111.0):  4.8
 109.86 (112.0): -2.1
 111.82 (113.0): -1.2
 121.55 (114.0):  7.5
 112.51 (113.0): -0.5
 116.01 (112.0):  4.0
 109.95 (111.0): -1.0
 108.59 (112.0): -3.4
 117.51 (111.0):  6.5
 112.64 (112.0):  0.6
 118.73 (113.0):  5.7
 113.28 (112.0):  1.3
 111.96 (111.0):  1.0
 116.00 (112.0):  4.0
 120.34 (113.0):  7.3
 113.26 (112.0):  1.3
 113.37 (113.0):  0.4
 114.83 (112.0):  2.8
 105.80 (113.0): -7.2
 111.01 (112.0): -1.0
 100.57 (111.0): -10.4
 103.32 (110.0): -6.7
 106.37 (109.0): -2.6
 108.70 (110.0): -1.3
 103.21 (109.0): -5.8
 114.32 (108.0):  6.3
 104.29 (107.0): -2.7
 106.67 (106.0):  0.7
 110.99 (107.0):  4.0
 101.58 (106.0): -4.4
 116.64 (107.0):  9.6
 106.52 (108.0): -1.5
 109.58 (109.0):  0.6
 109.61 (108.0):  1.6
 115.63 (109.0):  6.6
 107.72 (110.0): -2.3
 105.91 (109.0): -3.1
 107.01 (108.0): -1.0
 109.31 (107.0):  2.3
 100.19 (106.0): -5.8
 103.21 (105.0): -1.8
 107.41 (106.0):  1.4
 103.87 (105.0): -1.1
 103.19 (104.0): -0.8
 100.19 (103.0): -2.8
 109.37 (104.0):  5.4
  98.12 (105.0): -6.9
 105.70 (104.0):  1.7
 102.43 (105.0): -2.6
  99.03 (104.0): -5.0
  91.50 (105.0): -13.5
 102.60 (106.0): -3.4
 104.59 (105.0): -0.4
 104.83 (104.0):  0.8
  99.65 (105.0): -5.4
 104.57 (106.0): -1.4
 109.64 (105.0):  4.6
 101.48 (104.0): -2.5
 104.42 (105.0): -0.6
 107.19 (106.0):  1.2
 118.39 (107.0): 11.4
 106.02 (106.0):  0.0
  99.15 (105.0): -5.9
  97.77 (106.0): -8.2
 103.49 (107.0): -3.5
 107.44 (106.0):  1.4
 111.81 (107.0):  4.8
 106.78 (106.0):  0.8
 111.72 (105.0):  6.7
 105.91 (106.0): -0.1
  94.66 (105.0): -10.3
 117.97 (106.0): 12.0
 109.78 (105.0):  4.8
  97.02 (104.0): -7.0
  97.37 (105.0): -7.6
 108.78 (106.0):  2.8
 111.71 (107.0):  4.7
 102.41 (106.0): -3.6
 107.46 (107.0):  0.5
 106.36 (106.0):  0.4
 112.35 (107.0):  5.4
 107.80 (108.0): -0.2
 112.57 (109.0):  3.6
 107.15 (110.0): -2.9
 107.60 (111.0): -3.4
 110.98 (110.0):  1.0
 107.83 (109.0): -1.2
 108.11 (110.0): -1.9
 106.34 (109.0): -2.7
 114.64 (110.0):  4.6
  96.87 (109.0): -12.1
 107.51 (110.0): -2.5
 117.04 (111.0):  6.0
 107.73 (110.0): -2.3
 118.02 (111.0):  7.0
 105.38 (112.0): -6.6
 104.28 (111.0): -6.7
 106.19 (110.0): -3.8
 110.11 (111.0): -0.9
 118.53 (112.0):  6.5
 106.25 (111.0): -4.7
 109.36 (112.0): -2.6
 118.05 (111.0):  7.1
 103.37 (110.0): -6.6
 119.30 (109.0): 10.3
 110.66 (110.0):  0.7
 114.11 (109.0):  5.1
 111.18 (108.0):  3.2
 114.49 (109.0):  5.5
 104.81 (108.0): -3.2
 111.83 (107.0):  4.8
 104.83 (106.0): -1.2
 107.53 (107.0):  0.5
 109.95 (108.0):  1.9
 105.92 (109.0): -3.1
 113.94 (110.0):  3.9
 111.57 (109.0):  2.6
 104.78 (110.0): -5.2
 112.49 (109.0):  3.5
 111.08 (108.0):  3.1
 108.06 (109.0): -0.9
 109.05 (110.0): -1.0
 102.13 (109.0): -6.9
 117.63 (110.0):  7.6
 103.64 (111.0): -7.4
 111.39 (112.0): -0.6
 116.28 (113.0):  3.3
 121.98 (112.0): 10.0
 105.72 (111.0): -5.3
 111.92 (110.0):  1.9
 125.43 (111.0): 14.4
 114.52 (110.0):  4.5
 102.09 (111.0): -8.9
 112.11 (112.0):  0.1
 110.12 (111.0): -0.9
 111.83 (112.0): -0.2
 116.06 (113.0):  3.1
 113.80 (114.0): -0.2
 115.35 (115.0):  0.4
 110.03 (114.0): -4.0
 115.14 (113.0):  2.1
 101.87 (112.0): -10.1
 103.29 (111.0): -7.7
 117.50 (112.0):  5.5
 110.05 (113.0): -2.9
 108.55 (114.0): -5.4
 117.96 (113.0):  5.0
 115.88 (112.0):  3.9
 101.31 (111.0): -9.7
 106.14 (112.0): -5.9
 107.49 (111.0): -3.5
 104.83 (110.0): -5.2
 110.02 (109.0):  1.0
 110.43 (108.0):  2.4
 109.45 (109.0):  0.4
 110.47 (108.0):  2.5
 107.82 (109.0): -1.2
 109.31 (108.0):  1.3
  95.89 (107.0): -11.1
 100.83 (106.0): -5.2
  98.15 (105.0): -6.8
  93.38 (104.0): -10.6
 108.08 (105.0):  3.1
 107.17 (106.0):  1.2
 112.85 (107.0):  5.8
 106.23 (108.0): -1.8
  98.15 (107.0): -8.8
 108.99 (108.0):  1.0
 107.20 (109.0): -1.8
 113.00 (108.0):  5.0
  99.67 (109.0): -9.3
 112.93 (110.0):  2.9
 113.33 (111.0):  2.3
 113.86 (110.0):  3.9
 114.18 (111.0):  3.2
 116.45 (110.0):  6.4
 110.49 (111.0): -0.5
 110.66 (112.0): -1.3
 114.19 (113.0):  1.2
 114.46 (114.0):  0.5
 111.56 (113.0): -1.4
 118.38 (114.0):  4.4
 120.49 (115.0):  5.5
 119.87 (116.0):  3.9
 112.87 (117.0): -4.1
 121.93 (118.0):  3.9
 116.35 (117.0): -0.7
 110.31 (116.0): -5.7
 116.71 (117.0): -0.3
 120.96 (116.0):  5.0
 113.71 (115.0): -1.3
 122.25 (116.0):  6.2
 120.82 (115.0):  5.8
 117.39 (116.0):  1.4
 107.00 (117.0): -10.0
 115.43 (116.0): -0.6
 107.99 (115.0): -7.0
 116.86 (116.0):  0.9
 114.94 (115.0): -0.1
 121.58 (116.0):  5.6
 109.61 (117.0): -7.4
 115.31 (118.0): -2.7
 122.84 (119.0):  3.8
 113.31 (118.0): -4.7
 113.44 (119.0): -5.6
 120.82 (120.0):  0.8
 127.67 (119.0):  8.7
 121.62 (120.0):  1.6
 118.57 (119.0): -0.4
 122.73 (120.0):  2.7
 113.02 (119.0): -6.0
 127.40 (120.0):  7.4
