Using defaults initial nominal = 100.0, noise = 5.0
For other settings use java Simulation <nom> <noise>
 100.00 (100.0):  0.0
  93.77 ( 99.0): -5.2
  97.68 ( 98.0): -0.3
  99.26 ( 99.0):  0.3
  93.00 ( 98.0): -5.0
  94.95 ( 99.0): -4.0
  99.33 (100.0): -0.7
  94.70 ( 99.0): -4.3
  99.65 (100.0): -0.3
  97.02 (101.0): -4.0
 104.60 (102.0):  2.6
 102.08 (101.0):  1.1
 100.75 (102.0): -1.2
 101.48 (103.0): -1.5
 107.40 (102.0):  5.4
 113.94 (103.0): 10.9
 102.10 (104.0): -1.9
  99.14 (105.0): -5.9
  98.86 (104.0): -5.1
 109.74 (103.0):  6.7
  97.25 (102.0): -4.8
 105.56 (101.0):  4.6
 106.25 (102.0):  4.3
 103.05 (101.0):  2.0
 100.64 (100.0):  0.6
  92.23 ( 99.0): -6.8
  96.79 (100.0): -3.2
  99.83 (101.0): -1.2
 105.65 (100.0):  5.7
 110.53 (101.0):  9.5
  97.61 (102.0): -4.4
 200.00 (101.0): 99.0
 102.25 (102.0):  0.3
 101.69 (103.0): -1.3
 106.86 (104.0):  2.9
 105.76 (105.0):  0.8
 107.47 (106.0):  1.5
 200.00 (107.0): 93.0
 113.26 (108.0):  5.3
 110.46 (107.0):  3.5
 101.45 (106.0): -4.5
 111.88 (105.0):  6.9
  92.11 (104.0): -11.9
 106.60 (105.0):  1.6
 117.70 (106.0): 11.7
 103.08 (105.0): -1.9
 104.55 (104.0):  0.5
 101.84 (105.0): -3.2
 104.47 (106.0): -1.5
 110.84 (107.0):  3.8
 109.55 (108.0):  1.5
 116.41 (107.0):  9.4
 200.00 (106.0): 94.0
 200.00 (107.0): 93.0
 200.00 (108.0): 92.0
 200.00 (107.0): 93.0
 200.00 (106.0): 94.0
 100.22 (105.0): -4.8
 110.57 (106.0):  4.6
 100.46 (107.0): -6.5
 104.45 (108.0): -3.6
 111.54 (109.0):  2.5
 102.84 (108.0): -5.2
 108.88 (107.0):  1.9
 103.80 (108.0): -4.2
 109.10 (109.0):  0.1
 110.75 (110.0):  0.8
 114.12 (109.0):  5.1
  97.84 (108.0): -10.2
 107.95 (107.0):  1.0
 111.07 (106.0):  5.1
 108.02 (105.0):  3.0
 104.70 (104.0):  0.7
 107.74 (103.0):  4.7
  99.36 (102.0): -2.6
  97.52 (101.0): -3.5
  95.65 (100.0): -4.4
 108.99 (101.0):  8.0
 101.01 (100.0):  1.0
 103.52 (101.0):  2.5
  97.44 (102.0): -4.6
 200.00 (103.0): 97.0
 200.00 (102.0): 98.0
 200.00 (101.0): 99.0
 200.00 (102.0): 98.0
  96.00 (101.0): -5.0
  92.73 (102.0): -9.3
 102.94 (103.0): -0.1
 102.11 (104.0): -1.9
 105.26 (103.0):  2.3
 107.87 (104.0):  3.9
 103.11 (105.0): -1.9
 100.44 (106.0): -5.6
 107.86 (105.0):  2.9
 111.74 (104.0):  7.7
 102.33 (105.0): -2.7
 108.20 (104.0):  4.2
  97.91 (103.0): -5.1
  97.82 (102.0): -4.2
  96.76 (103.0): -6.2
 114.47 (104.0): 10.5
 116.75 (105.0): 11.7
 102.27 (106.0): -3.7
 108.33 (107.0):  1.3
 113.80 (108.0):  5.8
 107.07 (109.0): -1.9
 108.30 (110.0): -1.7
 105.54 (109.0): -3.5
 115.93 (108.0):  7.9
 110.07 (107.0):  3.1
 102.22 (106.0): -3.8
 110.71 (105.0):  5.7
 108.09 (106.0):  2.1
 105.32 (107.0): -1.7
 106.82 (106.0):  0.8
 104.22 (105.0): -0.8
 101.97 (104.0): -2.0
 102.15 (103.0): -0.8
  99.23 (104.0): -4.8
 110.25 (105.0):  5.3
 100.98 (106.0): -5.0
 107.32 (107.0):  0.3
 104.40 (106.0): -1.6
 108.42 (105.0):  3.4
 109.33 (104.0):  5.3
 100.33 (105.0): -4.7
  99.98 (104.0): -4.0
 101.35 (103.0): -1.7
 102.85 (102.0):  0.8
  99.97 (103.0): -3.0
 110.47 (104.0):  6.5
 101.99 (103.0): -1.0
 108.96 (102.0):  7.0
 102.48 (101.0):  1.5
  91.90 (100.0): -8.1
 104.55 ( 99.0):  5.5
  93.88 ( 98.0): -4.1
  95.67 ( 97.0): -1.3
  92.11 ( 96.0): -3.9
  92.31 ( 95.0): -2.7
  91.68 ( 94.0): -2.3
 103.10 ( 93.0): 10.1
 103.15 ( 94.0):  9.1
  83.24 ( 93.0): -9.8
  93.54 ( 94.0): -0.5
  93.13 ( 93.0):  0.1
  94.91 ( 94.0):  0.9
  98.82 ( 95.0):  3.8
  88.95 ( 96.0): -7.0
  91.34 ( 95.0): -3.7
  92.06 ( 94.0): -1.9
 200.00 ( 93.0): 107.0
 200.00 ( 92.0): 108.0
 200.00 ( 91.0): 109.0
 200.00 ( 90.0): 110.0
 200.00 ( 89.0): 111.0
 200.00 ( 88.0): 112.0
 200.00 ( 89.0): 111.0
 200.00 ( 90.0): 110.0
 200.00 ( 89.0): 111.0
 200.00 ( 88.0): 112.0
 200.00 ( 89.0): 111.0
 200.00 ( 90.0): 110.0
 200.00 ( 91.0): 109.0
 200.00 ( 90.0): 110.0
 200.00 ( 89.0): 111.0
 200.00 ( 88.0): 112.0
 200.00 ( 87.0): 113.0
 200.00 ( 86.0): 114.0
 200.00 ( 85.0): 115.0
 200.00 ( 84.0): 116.0
  80.13 ( 83.0): -2.9
  87.57 ( 84.0):  3.6
  82.92 ( 85.0): -2.1
  80.07 ( 84.0): -3.9
  84.38 ( 83.0):  1.4
  73.27 ( 82.0): -8.7
  81.94 ( 81.0):  0.9
  73.20 ( 80.0): -6.8
  73.10 ( 79.0): -5.9
  80.64 ( 78.0):  2.6
  80.49 ( 77.0):  3.5
  77.92 ( 76.0):  1.9
 200.00 ( 77.0): 123.0
 200.00 ( 76.0): 124.0
 200.00 ( 77.0): 123.0
 200.00 ( 78.0): 122.0
 200.00 ( 77.0): 123.0
  69.53 ( 76.0): -6.5
  78.86 ( 75.0):  3.9
  65.69 ( 74.0): -8.3
  72.92 ( 73.0): -0.1
  75.26 ( 72.0):  3.3
  79.16 ( 71.0):  8.2
  68.14 ( 70.0): -1.9
  67.10 ( 71.0): -3.9
  71.24 ( 72.0): -0.8
  67.02 ( 73.0): -6.0
  79.48 ( 74.0):  5.5
  74.19 ( 75.0): -0.8
  78.28 ( 76.0):  2.3
  79.39 ( 77.0):  2.4
  73.53 ( 78.0): -4.5
  88.17 ( 79.0):  9.2
  73.08 ( 78.0): -4.9
  77.42 ( 77.0):  0.4
  73.75 ( 76.0): -2.2
  72.85 ( 75.0): -2.1
  68.41 ( 76.0): -7.6
  76.68 ( 75.0):  1.7
  66.43 ( 74.0): -7.6
  79.60 ( 75.0):  4.6
  72.30 ( 76.0): -3.7
  80.44 ( 77.0):  3.4
  71.40 ( 76.0): -4.6
  80.37 ( 77.0):  3.4
  68.57 ( 78.0): -9.4
  79.21 ( 77.0):  2.2
  73.07 ( 78.0): -4.9
  78.61 ( 77.0):  1.6
  77.13 ( 76.0):  1.1
  78.46 ( 75.0):  3.5
  75.01 ( 74.0):  1.0
  70.76 ( 73.0): -2.2
  70.42 ( 74.0): -3.6
  71.77 ( 73.0): -1.2
  76.14 ( 74.0):  2.1
 200.00 ( 73.0): 127.0
 200.00 ( 72.0): 128.0
 200.00 ( 73.0): 127.0
 200.00 ( 72.0): 128.0
 200.00 ( 71.0): 129.0
 200.00 ( 72.0): 128.0
 200.00 ( 73.0): 127.0
 200.00 ( 72.0): 128.0
 200.00 ( 71.0): 129.0
 200.00 ( 70.0): 130.0
 200.00 ( 71.0): 129.0
 200.00 ( 72.0): 128.0
 200.00 ( 71.0): 129.0
 200.00 ( 72.0): 128.0
 200.00 ( 71.0): 129.0
 200.00 ( 72.0): 128.0
 200.00 ( 73.0): 127.0
 200.00 ( 74.0): 126.0
 200.00 ( 75.0): 125.0
 200.00 ( 76.0): 124.0
  78.56 ( 75.0):  3.6
  79.69 ( 76.0):  3.7
  82.58 ( 77.0):  5.6
  74.73 ( 76.0): -1.3
  74.54 ( 77.0): -2.5
  82.20 ( 78.0):  4.2
  79.62 ( 79.0):  0.6
  80.29 ( 78.0):  2.3
  74.25 ( 79.0): -4.7
  76.83 ( 78.0): -1.2
  73.03 ( 79.0): -6.0
  77.38 ( 80.0): -2.6
  83.95 ( 79.0):  4.9
 200.00 ( 80.0): 120.0
 200.00 ( 81.0): 119.0
 200.00 ( 80.0): 120.0
 200.00 ( 79.0): 121.0
  77.55 ( 80.0): -2.4
  80.29 ( 79.0):  1.3
  81.38 ( 80.0):  1.4
  77.76 ( 81.0): -3.2
  87.77 ( 82.0):  5.8
 200.00 ( 83.0): 117.0
 200.00 ( 82.0): 118.0
  83.25 ( 83.0):  0.2
  87.06 ( 82.0):  5.1
  79.72 ( 81.0): -1.3
  76.81 ( 80.0): -3.2
 200.00 ( 79.0): 121.0
 200.00 ( 80.0): 120.0
 200.00 ( 79.0): 121.0
 200.00 ( 80.0): 120.0
  74.04 ( 81.0): -7.0
  81.62 ( 80.0):  1.6
  83.43 ( 79.0):  4.4
  80.96 ( 80.0):  1.0
  83.27 ( 81.0):  2.3
  86.45 ( 80.0):  6.4
  81.91 ( 81.0):  0.9
  75.30 ( 82.0): -6.7
  82.83 ( 83.0): -0.2
  86.37 ( 84.0):  2.4
  88.40 ( 85.0):  3.4
  79.17 ( 86.0): -6.8
  81.38 ( 85.0): -3.6
  76.07 ( 84.0): -7.9
  87.57 ( 85.0):  2.6
  76.27 ( 86.0): -9.7
  83.52 ( 87.0): -3.5
  84.42 ( 88.0): -3.6
 200.00 ( 87.0): 113.0
 200.00 ( 86.0): 114.0
 200.00 ( 85.0): 115.0
 200.00 ( 86.0): 114.0
  84.70 ( 85.0): -0.3
  94.91 ( 84.0): 10.9
  92.43 ( 83.0):  9.4
  87.39 ( 82.0):  5.4
  82.62 ( 81.0):  1.6
  84.97 ( 82.0):  3.0
  95.22 ( 83.0): 12.2
  91.84 ( 84.0):  7.8
  83.09 ( 85.0): -1.9
  93.78 ( 86.0):  7.8
  77.82 ( 85.0): -7.2
  86.19 ( 86.0):  0.2
  85.37 ( 85.0):  0.4
  77.84 ( 84.0): -6.2
  88.19 ( 83.0):  5.2
  85.16 ( 82.0):  3.2
  78.18 ( 83.0): -4.8
 200.00 ( 84.0): 116.0
 200.00 ( 83.0): 117.0
 200.00 ( 82.0): 118.0
  79.27 ( 81.0): -1.7
  82.04 ( 82.0):  0.0
  89.53 ( 83.0):  6.5
  88.55 ( 82.0):  6.6
  78.21 ( 83.0): -4.8
  75.68 ( 84.0): -8.3
  81.63 ( 83.0): -1.4
  72.12 ( 84.0): -11.9
  87.90 ( 83.0):  4.9
  82.73 ( 84.0): -1.3
  92.31 ( 85.0):  7.3
  81.60 ( 84.0): -2.4
  82.46 ( 83.0): -0.5
  77.37 ( 82.0): -4.6
  84.95 ( 81.0):  4.0
  73.46 ( 82.0): -8.5
  87.22 ( 83.0):  4.2
  83.73 ( 82.0):  1.7
  73.24 ( 81.0): -7.8
  84.97 ( 82.0):  3.0
  79.38 ( 81.0): -1.6
 200.00 ( 82.0): 118.0
 200.00 ( 83.0): 117.0
 200.00 ( 82.0): 118.0
  82.37 ( 81.0):  1.4
  88.98 ( 82.0):  7.0
  75.97 ( 81.0): -5.0
  81.42 ( 80.0):  1.4
  77.19 ( 81.0): -3.8
  78.39 ( 80.0): -1.6
  78.91 ( 81.0): -2.1
 200.00 ( 82.0): 118.0
 200.00 ( 83.0): 117.0
 200.00 ( 84.0): 116.0
  84.28 ( 85.0): -0.7
  78.99 ( 86.0): -7.0
  82.70 ( 85.0): -2.3
  71.91 ( 86.0): -14.1
  88.99 ( 87.0):  2.0
  83.74 ( 86.0): -2.3
  89.42 ( 87.0):  2.4
  90.89 ( 88.0):  2.9
 200.00 ( 87.0): 113.0
  92.15 ( 88.0):  4.1
  94.34 ( 87.0):  7.3
  82.14 ( 86.0): -3.9
  88.07 ( 85.0):  3.1
  85.22 ( 84.0):  1.2
  73.62 ( 83.0): -9.4
  88.36 ( 82.0):  6.4
  81.60 ( 81.0):  0.6
  86.45 ( 80.0):  6.5
  85.87 ( 81.0):  4.9
  72.57 ( 82.0): -9.4
  83.44 ( 83.0):  0.4
  78.17 ( 82.0): -3.8
  81.05 ( 83.0): -2.0
  79.47 ( 82.0): -2.5
  89.45 ( 83.0):  6.5
  77.72 ( 82.0): -4.3
  74.81 ( 83.0): -8.2
  89.50 ( 84.0):  5.5
  91.24 ( 85.0):  6.2
  87.82 ( 86.0):  1.8
  77.60 ( 87.0): -9.4
  85.59 ( 86.0): -0.4
  84.15 ( 85.0): -0.9
  79.64 ( 84.0): -4.4
  83.33 ( 83.0):  0.3
  80.37 ( 84.0): -3.6
  89.69 ( 85.0):  4.7
  88.82 ( 84.0):  4.8
  82.99 ( 83.0): -0.0
  78.26 ( 82.0): -3.7
  81.74 ( 83.0): -1.3
  71.63 ( 82.0): -10.4
  81.41 ( 83.0): -1.6
  77.15 ( 82.0): -4.9
  81.68 ( 83.0): -1.3
  88.81 ( 84.0):  4.8
  79.44 ( 85.0): -5.6
  93.21 ( 86.0):  7.2
  76.00 ( 85.0): -9.0
  94.78 ( 86.0):  8.8
  89.28 ( 85.0):  4.3
  87.45 ( 86.0):  1.4
  82.54 ( 85.0): -2.5
  90.50 ( 86.0):  4.5
  91.91 ( 87.0):  4.9
  91.50 ( 88.0):  3.5
  90.08 ( 87.0):  3.1
  88.50 ( 86.0):  2.5
  89.10 ( 85.0):  4.1
  79.05 ( 86.0): -7.0
  79.18 ( 85.0): -5.8
  84.02 ( 86.0): -2.0
  82.66 ( 85.0): -2.3
  88.03 ( 86.0):  2.0
  86.97 ( 85.0):  2.0
  79.31 ( 86.0): -6.7
  86.21 ( 85.0):  1.2
  78.05 ( 86.0): -8.0
  79.67 ( 85.0): -5.3
  89.23 ( 86.0):  3.2
  90.77 ( 87.0):  3.8
  74.42 ( 86.0): -11.6
  89.00 ( 85.0):  4.0
  79.10 ( 84.0): -4.9
  91.85 ( 85.0):  6.8
  84.13 ( 86.0): -1.9
  88.78 ( 87.0):  1.8
  86.21 ( 88.0): -1.8
  84.79 ( 87.0): -2.2
 200.00 ( 86.0): 114.0
 200.00 ( 85.0): 115.0
 200.00 ( 84.0): 116.0
 200.00 ( 85.0): 115.0
 200.00 ( 86.0): 114.0
 200.00 ( 85.0): 115.0
 200.00 ( 86.0): 114.0
 200.00 ( 85.0): 115.0
 200.00 ( 86.0): 114.0
 200.00 ( 85.0): 115.0
 200.00 ( 86.0): 114.0
 200.00 ( 85.0): 115.0
 200.00 ( 86.0): 114.0
 200.00 ( 87.0): 113.0
 200.00 ( 88.0): 112.0
 200.00 ( 89.0): 111.0
 200.00 ( 90.0): 110.0
 200.00 ( 91.0): 109.0
 200.00 ( 90.0): 110.0
 200.00 ( 91.0): 109.0
 200.00 ( 92.0): 108.0
 200.00 ( 91.0): 109.0
 200.00 ( 90.0): 110.0
 200.00 ( 91.0): 109.0
 200.00 ( 92.0): 108.0
 200.00 ( 93.0): 107.0
 200.00 ( 94.0): 106.0
 200.00 ( 93.0): 107.0
 200.00 ( 92.0): 108.0
 200.00 ( 91.0): 109.0
  91.61 ( 92.0): -0.4
  96.92 ( 91.0):  5.9
  91.20 ( 92.0): -0.8
  89.23 ( 93.0): -3.8
  94.97 ( 92.0):  3.0
  97.63 ( 91.0):  6.6
  86.34 ( 92.0): -5.7
  94.73 ( 91.0):  3.7
  85.10 ( 92.0): -6.9
  89.61 ( 91.0): -1.4
  85.93 ( 90.0): -4.1
  82.87 ( 91.0): -8.1
  93.55 ( 92.0):  1.6
  98.94 ( 91.0):  7.9
  94.33 ( 90.0):  4.3
  97.27 ( 91.0):  6.3
  90.39 ( 92.0): -1.6
  90.84 ( 91.0): -0.2
  85.47 ( 90.0): -4.5
 200.00 ( 89.0): 111.0
 200.00 ( 90.0): 110.0
 200.00 ( 89.0): 111.0
 200.00 ( 88.0): 112.0
 200.00 ( 87.0): 113.0
 200.00 ( 88.0): 112.0
  84.98 ( 87.0): -2.0
  84.57 ( 86.0): -1.4
  83.45 ( 85.0): -1.6
  83.35 ( 86.0): -2.6
  78.11 ( 87.0): -8.9
  90.49 ( 86.0):  4.5
  88.98 ( 85.0):  4.0
  75.49 ( 84.0): -8.5
  90.06 ( 83.0):  7.1
  84.09 ( 84.0):  0.1
 200.00 ( 85.0): 115.0
 200.00 ( 84.0): 116.0
 200.00 ( 83.0): 117.0
 200.00 ( 84.0): 116.0
  73.11 ( 85.0): -11.9
  89.24 ( 86.0):  3.2
  79.04 ( 85.0): -6.0
  96.22 ( 86.0): 10.2
  83.38 ( 87.0): -3.6
  83.48 ( 86.0): -2.5
  88.16 ( 87.0):  1.2
  92.38 ( 88.0):  4.4
 100.62 ( 89.0): 11.6
  86.71 ( 90.0): -3.3
  95.73 ( 89.0):  6.7
  92.62 ( 90.0):  2.6
  86.15 ( 91.0): -4.8
  90.20 ( 90.0):  0.2
  83.70 ( 89.0): -5.3
  92.42 ( 88.0):  4.4
  85.84 ( 89.0): -3.2
  82.16 ( 88.0): -5.8
  83.99 ( 87.0): -3.0
  83.11 ( 86.0): -2.9
  77.17 ( 85.0): -7.8
  87.88 ( 84.0):  3.9
  85.38 ( 83.0):  2.4
  87.78 ( 84.0):  3.8
  86.49 ( 85.0):  1.5
  92.76 ( 84.0):  8.8
  89.14 ( 85.0):  4.1
  82.96 ( 86.0): -3.0
  87.59 ( 85.0):  2.6
  86.99 ( 84.0):  3.0
  83.67 ( 83.0):  0.7
  76.93 ( 82.0): -5.1
  87.09 ( 83.0):  4.1
  79.11 ( 82.0): -2.9
 200.00 ( 81.0): 119.0
 200.00 ( 80.0): 120.0
 200.00 ( 79.0): 121.0
  74.05 ( 80.0): -5.9
  74.90 ( 81.0): -6.1
  76.76 ( 80.0): -3.2
  83.07 ( 81.0):  2.1
  83.18 ( 80.0):  3.2
  70.70 ( 81.0): -10.3
  86.67 ( 80.0):  6.7
  75.86 ( 81.0): -5.1
  78.30 ( 80.0): -1.7
  72.77 ( 79.0): -6.2
 200.00 ( 78.0): 122.0
 200.00 ( 77.0): 123.0
 200.00 ( 78.0): 122.0
 200.00 ( 79.0): 121.0
 200.00 ( 78.0): 122.0
  79.13 ( 77.0):  2.1
  69.79 ( 76.0): -6.2
  73.81 ( 77.0): -3.2
  74.69 ( 76.0): -1.3
  67.17 ( 75.0): -7.8
  74.35 ( 74.0):  0.3
  63.21 ( 73.0): -9.8
  72.36 ( 72.0):  0.4
  66.34 ( 71.0): -4.7
  83.91 ( 72.0): 11.9
 200.00 ( 71.0): 129.0
 200.00 ( 70.0): 130.0
 200.00 ( 71.0): 129.0
 200.00 ( 70.0): 130.0
 200.00 ( 71.0): 129.0
 200.00 ( 70.0): 130.0
  66.45 ( 71.0): -4.5
  70.67 ( 72.0): -1.3
  60.89 ( 71.0): -10.1
  74.93 ( 72.0):  2.9
  63.32 ( 73.0): -9.7
  58.17 ( 72.0): -13.8
  75.03 ( 71.0):  4.0
  78.45 ( 70.0):  8.4
  71.03 ( 69.0):  2.0
  69.08 ( 70.0): -0.9
  71.94 ( 69.0):  2.9
  67.64 ( 70.0): -2.4
  65.38 ( 71.0): -5.6
  64.76 ( 72.0): -7.2
  65.93 ( 71.0): -5.1
  78.97 ( 72.0):  7.0
  67.48 ( 71.0): -3.5
  72.98 ( 72.0):  1.0
  73.17 ( 73.0):  0.2
  72.61 ( 72.0):  0.6
  80.58 ( 71.0):  9.6
  67.18 ( 70.0): -2.8
  65.72 ( 69.0): -3.3
  65.95 ( 68.0): -2.1
  54.09 ( 67.0): -12.9
  72.73 ( 68.0):  4.7
  68.57 ( 69.0): -0.4
  66.72 ( 68.0): -1.3
  58.06 ( 67.0): -8.9
  61.97 ( 66.0): -4.0
  66.49 ( 67.0): -0.5
  61.87 ( 66.0): -4.1
  71.36 ( 67.0):  4.4
  60.82 ( 68.0): -7.2
  69.46 ( 67.0):  2.5
  67.75 ( 66.0):  1.8
  73.31 ( 65.0):  8.3
  62.32 ( 66.0): -3.7
  69.68 ( 65.0):  4.7
  61.34 ( 64.0): -2.7
  65.04 ( 63.0):  2.0
  64.33 ( 64.0):  0.3
  68.24 ( 65.0):  3.2
  64.14 ( 64.0):  0.1
  64.62 ( 63.0):  1.6
  63.17 ( 64.0): -0.8
  65.18 ( 65.0):  0.2
  61.90 ( 66.0): -4.1
  69.28 ( 67.0):  2.3
  73.29 ( 68.0):  5.3
  65.45 ( 67.0): -1.6
  70.97 ( 68.0):  3.0
  62.61 ( 67.0): -4.4
  67.73 ( 66.0):  1.7
  62.95 ( 65.0): -2.1
  60.48 ( 66.0): -5.5
  62.74 ( 65.0): -2.3
  57.53 ( 66.0): -8.5
  72.15 ( 65.0):  7.2
  73.58 ( 64.0):  9.6
  70.69 ( 65.0):  5.7
  62.25 ( 64.0): -1.7
  67.36 ( 63.0):  4.4
  61.08 ( 62.0): -0.9
  65.23 ( 63.0):  2.2
 200.00 ( 64.0): 136.0
 200.00 ( 63.0): 137.0
 200.00 ( 62.0): 138.0
 200.00 ( 61.0): 139.0
 200.00 ( 62.0): 138.0
 200.00 ( 61.0): 139.0
 200.00 ( 60.0): 140.0
 200.00 ( 61.0): 139.0
 200.00 ( 60.0): 140.0
 200.00 ( 61.0): 139.0
 200.00 ( 62.0): 138.0
 200.00 ( 63.0): 137.0
 200.00 ( 64.0): 136.0
 200.00 ( 65.0): 135.0
 200.00 ( 66.0): 134.0
 200.00 ( 65.0): 135.0
 200.00 ( 64.0): 136.0
 200.00 ( 63.0): 137.0
 200.00 ( 64.0): 136.0
 200.00 ( 63.0): 137.0
 200.00 ( 64.0): 136.0
 200.00 ( 63.0): 137.0
 200.00 ( 64.0): 136.0
 200.00 ( 65.0): 135.0
 200.00 ( 66.0): 134.0
 200.00 ( 65.0): 135.0
 200.00 ( 64.0): 136.0
 200.00 ( 63.0): 137.0
 200.00 ( 64.0): 136.0
  66.16 ( 63.0):  3.2
  68.36 ( 62.0):  6.4
  67.67 ( 61.0):  6.7
  65.65 ( 62.0):  3.6
  69.03 ( 61.0):  8.0
  61.34 ( 60.0):  1.3
  53.88 ( 59.0): -5.1
  64.32 ( 60.0):  4.3
  56.12 ( 59.0): -2.9
  56.41 ( 58.0): -1.6
  44.32 ( 57.0): -12.7
  59.36 ( 58.0):  1.4
  48.78 ( 57.0): -8.2
  56.52 ( 58.0): -1.5
  53.29 ( 59.0): -5.7
  56.87 ( 60.0): -3.1
  50.34 ( 59.0): -8.7
  53.30 ( 60.0): -6.7
  58.76 ( 61.0): -2.2
  58.35 ( 62.0): -3.7
  62.32 ( 63.0): -0.7
  60.98 ( 64.0): -3.0
  57.56 ( 63.0): -5.4
  60.94 ( 64.0): -3.1
  60.04 ( 65.0): -5.0
  61.40 ( 66.0): -4.6
 200.00 ( 65.0): 135.0
 200.00 ( 66.0): 134.0
 200.00 ( 67.0): 133.0
 200.00 ( 68.0): 132.0
 200.00 ( 67.0): 133.0
  61.62 ( 66.0): -4.4
  60.13 ( 67.0): -6.9
  73.68 ( 66.0):  7.7
  65.93 ( 67.0): -1.1
  67.84 ( 66.0):  1.8
  65.16 ( 67.0): -1.8
  63.39 ( 66.0): -2.6
  71.16 ( 65.0):  6.2
  64.08 ( 66.0): -1.9
  66.99 ( 65.0):  2.0
  65.59 ( 64.0):  1.6
  63.78 ( 65.0): -1.2
  58.22 ( 64.0): -5.8
  52.37 ( 63.0): -10.6
  61.77 ( 62.0): -0.2
  59.52 ( 63.0): -3.5
  68.84 ( 64.0):  4.8
  71.56 ( 65.0):  6.6
 200.00 ( 66.0): 134.0
 200.00 ( 65.0): 135.0
 200.00 ( 64.0): 136.0
 200.00 ( 65.0): 135.0
 200.00 ( 66.0): 134.0
 200.00 ( 67.0): 133.0
 200.00 ( 68.0): 132.0
  71.94 ( 69.0):  2.9
  68.88 ( 68.0):  0.9
  71.51 ( 69.0):  2.5
  65.38 ( 70.0): -4.6
 200.00 ( 71.0): 129.0
  72.90 ( 70.0):  2.9
  67.58 ( 69.0): -1.4
  73.10 ( 68.0):  5.1
  65.93 ( 69.0): -3.1
  66.14 ( 70.0): -3.9
  86.79 ( 71.0): 15.8
  67.13 ( 72.0): -4.9
  71.04 ( 71.0):  0.0
  65.74 ( 72.0): -6.3
  68.61 ( 71.0): -2.4
  76.26 ( 70.0):  6.3
  75.98 ( 69.0):  7.0
  76.12 ( 68.0):  8.1
  62.07 ( 69.0): -6.9
  71.60 ( 68.0):  3.6
  63.81 ( 67.0): -3.2
  69.41 ( 68.0):  1.4
  71.13 ( 69.0):  2.1
  71.93 ( 70.0):  1.9
  69.36 ( 69.0):  0.4
  67.74 ( 68.0): -0.3
  67.27 ( 69.0): -1.7
  72.41 ( 68.0):  4.4
  68.77 ( 67.0):  1.8
  60.75 ( 66.0): -5.3
  66.41 ( 67.0): -0.6
  72.40 ( 68.0):  4.4
  70.69 ( 69.0):  1.7
  74.93 ( 70.0):  4.9
 200.00 ( 69.0): 131.0
 200.00 ( 68.0): 132.0
 200.00 ( 69.0): 131.0
 200.00 ( 68.0): 132.0
 200.00 ( 67.0): 133.0
 200.00 ( 66.0): 134.0
 200.00 ( 67.0): 133.0
 200.00 ( 68.0): 132.0
 200.00 ( 67.0): 133.0
 200.00 ( 66.0): 134.0
 200.00 ( 67.0): 133.0
 200.00 ( 68.0): 132.0
 200.00 ( 67.0): 133.0
 200.00 ( 68.0): 132.0
 200.00 ( 69.0): 131.0
  67.58 ( 70.0): -2.4
  66.18 ( 69.0): -2.8
 200.00 ( 68.0): 132.0
 200.00 ( 69.0): 131.0
  69.54 ( 68.0):  1.5
  65.65 ( 67.0): -1.3
  78.78 ( 68.0): 10.8
  74.39 ( 69.0):  5.4
  72.67 ( 70.0):  2.7
 200.00 ( 71.0): 129.0
 200.00 ( 70.0): 130.0
  66.01 ( 69.0): -3.0
  63.31 ( 68.0): -4.7
  70.42 ( 69.0):  1.4
  68.76 ( 68.0):  0.8
  59.78 ( 67.0): -7.2
  67.90 ( 66.0):  1.9
  66.15 ( 67.0): -0.8
  59.34 ( 68.0): -8.7
  66.33 ( 67.0): -0.7
  75.32 ( 68.0):  7.3
  66.08 ( 67.0): -0.9
  59.26 ( 66.0): -6.7
  60.18 ( 65.0): -4.8
  68.70 ( 66.0):  2.7
  57.71 ( 67.0): -9.3
  61.93 ( 66.0): -4.1
  69.18 ( 67.0):  2.2
  69.10 ( 66.0):  3.1
  69.31 ( 67.0):  2.3
  63.06 ( 68.0): -4.9
  67.48 ( 67.0):  0.5
  68.09 ( 66.0):  2.1
  66.81 ( 65.0):  1.8
  71.35 ( 64.0):  7.4
  77.69 ( 63.0): 14.7
  61.57 ( 64.0): -2.4
  64.59 ( 65.0): -0.4
  65.51 ( 64.0):  1.5
  54.56 ( 65.0): -10.4
  63.52 ( 66.0): -2.5
  64.35 ( 67.0): -2.7
  62.95 ( 66.0): -3.0
  59.84 ( 65.0): -5.2
  63.33 ( 64.0): -0.7
  68.00 ( 63.0):  5.0
  63.07 ( 64.0): -0.9
  66.77 ( 65.0):  1.8
  66.65 ( 64.0):  2.6
  70.66 ( 63.0):  7.7
  60.89 ( 62.0): -1.1
  67.78 ( 63.0):  4.8
  58.98 ( 62.0): -3.0
  65.67 ( 63.0):  2.7
  57.93 ( 62.0): -4.1
  66.69 ( 63.0):  3.7
  61.65 ( 62.0): -0.3
  69.57 ( 61.0):  8.6
  59.83 ( 62.0): -2.2
  66.97 ( 63.0):  4.0
  67.16 ( 62.0):  5.2
  61.09 ( 63.0): -1.9
  70.92 ( 64.0):  6.9
 200.00 ( 63.0): 137.0
 200.00 ( 62.0): 138.0
 200.00 ( 61.0): 139.0
 200.00 ( 60.0): 140.0
 200.00 ( 61.0): 139.0
 200.00 ( 62.0): 138.0
 200.00 ( 61.0): 139.0
 200.00 ( 60.0): 140.0
 200.00 ( 61.0): 139.0
 200.00 ( 60.0): 140.0
 200.00 ( 61.0): 139.0
 200.00 ( 62.0): 138.0
 200.00 ( 61.0): 139.0
 200.00 ( 62.0): 138.0
 200.00 ( 61.0): 139.0
 200.00 ( 62.0): 138.0
 200.00 ( 63.0): 137.0
 200.00 ( 62.0): 138.0
 200.00 ( 63.0): 137.0
 200.00 ( 62.0): 138.0
 200.00 ( 61.0): 139.0
 200.00 ( 62.0): 138.0
 200.00 ( 61.0): 139.0
  48.39 ( 60.0): -11.6
  50.96 ( 61.0): -10.0
  53.76 ( 60.0): -6.2
  50.76 ( 61.0): -10.2
  54.43 ( 62.0): -7.6
  56.80 ( 61.0): -4.2
  63.31 ( 62.0):  1.3
  52.42 ( 61.0): -8.6
  58.21 ( 62.0): -3.8
  61.50 ( 61.0):  0.5
  57.73 ( 60.0): -2.3
  57.40 ( 59.0): -1.6
  61.51 ( 60.0):  1.5
  50.31 ( 59.0): -8.7
  55.57 ( 60.0): -4.4
  54.99 ( 59.0): -4.0
  65.78 ( 58.0):  7.8
  58.37 ( 59.0): -0.6
  66.68 ( 58.0):  8.7
  63.33 ( 59.0):  4.3
  49.17 ( 58.0): -8.8
  53.29 ( 59.0): -5.7
  55.82 ( 58.0): -2.2
  53.56 ( 57.0): -3.4
  53.52 ( 56.0): -2.5
  60.02 ( 55.0):  5.0
  50.51 ( 56.0): -5.5
  60.51 ( 57.0):  3.5
  57.74 ( 56.0):  1.7
  48.91 ( 55.0): -6.1
  51.83 ( 54.0): -2.2
  67.84 ( 55.0): 12.8
  47.62 ( 56.0): -8.4
  47.89 ( 55.0): -7.1
  52.86 ( 56.0): -3.1
  60.16 ( 57.0):  3.2
  61.01 ( 58.0):  3.0
  51.08 ( 59.0): -7.9
  59.22 ( 60.0): -0.8
  59.24 ( 59.0):  0.2
  63.44 ( 58.0):  5.4
  58.38 ( 59.0): -0.6
  60.34 ( 60.0):  0.3
  63.53 ( 61.0):  2.5
  64.39 ( 60.0):  4.4
  52.44 ( 61.0): -8.6
 200.00 ( 60.0): 140.0
 200.00 ( 61.0): 139.0
 200.00 ( 60.0): 140.0
 200.00 ( 59.0): 141.0
 200.00 ( 60.0): 140.0
 200.00 ( 59.0): 141.0
  62.17 ( 58.0):  4.2
  60.55 ( 59.0):  1.5
  67.43 ( 60.0):  7.4
  58.57 ( 59.0): -0.4
  65.94 ( 60.0):  5.9
  61.48 ( 59.0):  2.5
  61.01 ( 58.0):  3.0
  71.03 ( 59.0): 12.0
  54.98 ( 58.0): -3.0
  62.66 ( 57.0):  5.7
 200.00 ( 56.0): 144.0
 200.00 ( 55.0): 145.0
 200.00 ( 56.0): 144.0
 200.00 ( 55.0): 145.0
 200.00 ( 54.0): 146.0
 200.00 ( 55.0): 145.0
  55.57 ( 56.0): -0.4
  58.91 ( 57.0):  1.9
  58.68 ( 58.0):  0.7
  59.50 ( 59.0):  0.5
  62.11 ( 58.0):  4.1
  53.12 ( 59.0): -5.9
  64.29 ( 58.0):  6.3
  61.55 ( 59.0):  2.6
  69.07 ( 60.0):  9.1
  65.77 ( 61.0):  4.8
  57.55 ( 62.0): -4.5
 200.00 ( 61.0): 139.0
 200.00 ( 60.0): 140.0
 200.00 ( 59.0): 141.0
 200.00 ( 60.0): 140.0
 200.00 ( 61.0): 139.0
 200.00 ( 62.0): 138.0
  62.63 ( 63.0): -0.4
  69.77 ( 64.0):  5.8
  59.70 ( 63.0): -3.3
  56.90 ( 62.0): -5.1
  58.68 ( 61.0): -2.3
  62.11 ( 62.0):  0.1
  68.22 ( 63.0):  5.2
  62.59 ( 64.0): -1.4
  56.72 ( 65.0): -8.3
  59.22 ( 66.0): -6.8
  58.00 ( 67.0): -9.0
  71.11 ( 68.0):  3.1
  67.69 ( 69.0): -1.3
  79.26 ( 70.0):  9.3
  70.60 ( 71.0): -0.4
  76.49 ( 70.0):  6.5
  73.46 ( 69.0):  4.5
  69.50 ( 68.0):  1.5
  74.84 ( 67.0):  7.8
  65.99 ( 68.0): -2.0
  77.12 ( 67.0): 10.1
  66.11 ( 68.0): -1.9
  67.17 ( 69.0): -1.8
  66.09 ( 70.0): -3.9
  64.48 ( 69.0): -4.5
  65.82 ( 68.0): -2.2
  65.24 ( 67.0): -1.8
  64.88 ( 66.0): -1.1
  70.31 ( 65.0):  5.3
  55.85 ( 64.0): -8.1
  61.13 ( 65.0): -3.9
  64.84 ( 64.0):  0.8
  56.76 ( 63.0): -6.2
  63.90 ( 64.0): -0.1
  58.96 ( 65.0): -6.0
  62.91 ( 64.0): -1.1
  58.82 ( 65.0): -6.2
  64.52 ( 64.0):  0.5
  66.82 ( 63.0):  3.8
  59.92 ( 62.0): -2.1
  56.86 ( 61.0): -4.1
  68.02 ( 60.0):  8.0
  59.73 ( 61.0): -1.3
  63.20 ( 62.0):  1.2
  68.25 ( 63.0):  5.3
  58.99 ( 64.0): -5.0
  58.32 ( 65.0): -6.7
  61.75 ( 66.0): -4.3
  64.11 ( 65.0): -0.9
  77.25 ( 64.0): 13.2
  73.11 ( 63.0): 10.1
  61.88 ( 64.0): -2.1
  74.85 ( 65.0):  9.9
  69.87 ( 64.0):  5.9
  72.54 ( 65.0):  7.5
  66.79 ( 66.0):  0.8
  72.55 ( 67.0):  5.6
  62.13 ( 68.0): -5.9
  67.66 ( 69.0): -1.3
  74.45 ( 68.0):  6.4
  72.14 ( 69.0):  3.1
  62.39 ( 68.0): -5.6
  67.52 ( 69.0): -1.5
  70.52 ( 70.0):  0.5
