Using defaults initial nominal = 100.0, noise = 5.0
For other settings use java Simulation <nom> <noise>
 100.00 (100.0):  0.0
 100.72 (101.0): -0.3
 105.22 (102.0):  3.2
 103.89 (103.0):  0.9
 105.78 (102.0):  3.8
  99.66 (101.0): -1.3
 103.03 (100.0):  3.0
  93.15 (101.0): -7.9
 101.24 (100.0):  1.2
  99.52 (101.0): -1.5
  99.99 (100.0): -0.0
 100.60 (101.0): -0.4
 102.20 (102.0):  0.2
 102.00 (103.0): -1.0
  99.43 (102.0): -2.6
 104.01 (103.0):  1.0
 105.61 (104.0):  1.6
  95.83 (103.0): -7.2
 100.33 (102.0): -1.7
 105.26 (101.0):  4.3
 101.84 (102.0): -0.2
 101.61 (103.0): -1.4
  97.09 (102.0): -4.9
  99.15 (101.0): -1.9
  97.72 (102.0): -4.3
 100.14 (103.0): -2.9
 107.79 (104.0):  3.8
 104.94 (105.0): -0.1
 105.67 (106.0): -0.3
 104.12 (107.0): -2.9
 106.11 (106.0):  0.1
 104.79 (107.0): -2.2
 107.09 (108.0): -0.9
 107.87 (109.0): -1.1
 106.47 (108.0): -1.5
 107.83 (107.0):  0.8
 106.82 (106.0):  0.8
 102.23 (105.0): -2.8
 103.12 (106.0): -2.9
 110.83 (107.0):  3.8
 106.36 (108.0): -1.6
  99.79 (107.0): -7.2
 110.89 (106.0):  4.9
 101.34 (105.0): -3.7
 100.25 (104.0): -3.7
 101.73 (105.0): -3.3
 104.24 (106.0): -1.8
 105.45 (107.0): -1.6
 100.57 (106.0): -5.4
 107.52 (107.0):  0.5
 102.15 (108.0): -5.8
 107.26 (107.0):  0.3
 104.68 (108.0): -3.3
 110.63 (107.0):  3.6
 106.93 (106.0):  0.9
 104.81 (107.0): -2.2
 105.35 (106.0): -0.6
 108.75 (107.0):  1.8
 111.55 (108.0):  3.6
  99.24 (107.0): -7.8
 105.67 (106.0): -0.3
 111.98 (107.0):  5.0
 103.12 (106.0): -2.9
 111.17 (107.0):  4.2
 101.18 (106.0): -4.8
 107.92 (105.0):  2.9
 104.43 (104.0):  0.4
 108.95 (105.0):  4.0
 106.07 (104.0):  2.1
 103.92 (105.0): -1.1
  97.67 (106.0): -8.3
 102.35 (107.0): -4.7
 103.14 (108.0): -4.9
 108.96 (109.0): -0.0
 106.16 (110.0): -3.8
 106.21 (109.0): -2.8
 115.50 (110.0):  5.5
 103.83 (109.0): -5.2
 105.62 (108.0): -2.4
 107.88 (109.0): -1.1
 107.35 (108.0): -0.6
 111.34 (109.0):  2.3
 109.47 (108.0):  1.5
 106.45 (107.0): -0.5
 104.79 (108.0): -3.2
 109.36 (109.0):  0.4
 110.08 (110.0):  0.1
 105.85 (111.0): -5.2
 111.90 (112.0): -0.1
 110.51 (113.0): -2.5
 113.72 (112.0):  1.7
 114.82 (113.0):  1.8
 114.67 (114.0):  0.7
 114.51 (115.0): -0.5
 110.97 (116.0): -5.0
 117.74 (117.0):  0.7
 118.97 (118.0):  1.0
 118.44 (119.0): -0.6
 121.38 (120.0):  1.4
 117.36 (119.0): -1.6
 119.06 (120.0): -0.9
 122.42 (121.0):  1.4
 121.22 (122.0): -0.8
 118.46 (121.0): -2.5
 124.46 (122.0):  2.5
 121.79 (121.0):  0.8
 116.98 (120.0): -3.0
 118.45 (119.0): -0.6
 117.23 (118.0): -0.8
 120.35 (117.0):  3.3
 112.59 (116.0): -3.4
 117.46 (115.0):  2.5
 107.95 (114.0): -6.0
 115.57 (115.0):  0.6
 103.89 (114.0): -10.1
 115.86 (113.0):  2.9
 109.27 (112.0): -2.7
 113.46 (113.0):  0.5
 109.18 (112.0): -2.8
 114.12 (113.0):  1.1
 110.56 (114.0): -3.4
 111.40 (113.0): -1.6
 113.72 (112.0):  1.7
 111.24 (111.0):  0.2
 107.66 (110.0): -2.3
 108.26 (111.0): -2.7
 117.48 (110.0):  7.5
 109.75 (109.0):  0.7
 109.44 (110.0): -0.6
 110.68 (111.0): -0.3
 112.53 (112.0):  0.5
 111.60 (113.0): -1.4
 112.99 (112.0):  1.0
 111.65 (113.0): -1.4
 109.09 (112.0): -2.9
 105.99 (111.0): -5.0
 110.95 (110.0):  1.0
 106.87 (111.0): -4.1
 107.12 (110.0): -2.9
 109.57 (111.0): -1.4
 110.19 (112.0): -1.8
 112.90 (113.0): -0.1
 112.40 (114.0): -1.6
 114.87 (115.0): -0.1
 116.82 (114.0):  2.8
 109.50 (113.0): -3.5
 113.97 (114.0): -0.0
 117.70 (115.0):  2.7
 122.97 (116.0):  7.0
 115.78 (115.0):  0.8
 119.63 (116.0):  3.6
 120.33 (117.0):  3.3
 116.54 (118.0): -1.5
 115.62 (119.0): -3.4
 116.50 (120.0): -3.5
 117.18 (119.0): -1.8
 121.61 (120.0):  1.6
 121.23 (119.0):  2.2
 124.56 (120.0):  4.6
 125.64 (121.0):  4.6
 124.44 (120.0):  4.4
 121.84 (121.0):  0.8
 120.18 (120.0):  0.2
 119.75 (119.0):  0.8
 117.85 (118.0): -0.2
 119.15 (119.0):  0.2
 119.03 (120.0): -1.0
 122.78 (121.0):  1.8
 121.56 (120.0):  1.6
 123.43 (121.0):  2.4
 121.53 (122.0): -0.5
 117.05 (121.0): -4.0
 119.52 (120.0): -0.5
 117.63 (119.0): -1.4
 122.86 (120.0):  2.9
 120.77 (121.0): -0.2
 121.34 (122.0): -0.7
 122.49 (123.0): -0.5
 123.82 (122.0):  1.8
 126.18 (123.0):  3.2
 123.06 (122.0):  1.1
 119.44 (121.0): -1.6
 124.00 (122.0):  2.0
 119.99 (121.0): -1.0
 120.93 (120.0):  0.9
 118.75 (119.0): -0.3
 121.25 (120.0):  1.2
 121.06 (119.0):  2.1
 116.46 (120.0): -3.5
 122.79 (119.0):  3.8
 123.71 (120.0):  3.7
 124.75 (121.0):  3.7
 119.10 (122.0): -2.9
 118.56 (121.0): -2.4
 124.23 (120.0):  4.2
 121.35 (119.0):  2.4
 113.06 (118.0): -4.9
 119.56 (119.0):  0.6
 120.99 (120.0):  1.0
 119.31 (119.0):  0.3
 119.71 (120.0): -0.3
 122.34 (121.0):  1.3
 121.27 (120.0):  1.3
 118.84 (121.0): -2.2
 122.50 (122.0):  0.5
 123.79 (121.0):  2.8
 121.50 (120.0):  1.5
 122.94 (121.0):  1.9
 119.83 (120.0): -0.2
 119.36 (121.0): -1.6
 120.21 (122.0): -1.8
 122.26 (121.0):  1.3
 120.50 (120.0):  0.5
 120.55 (119.0):  1.6
 121.51 (118.0):  3.5
 123.44 (119.0):  4.4
 118.86 (120.0): -1.1
 118.51 (121.0): -2.5
 122.21 (120.0):  2.2
 121.77 (121.0):  0.8
 121.08 (122.0): -0.9
 122.29 (121.0):  1.3
 121.35 (120.0):  1.4
 119.54 (121.0): -1.5
 121.88 (120.0):  1.9
 119.82 (121.0): -1.2
 123.40 (120.0):  3.4
 120.48 (119.0):  1.5
 112.34 (118.0): -5.7
 112.98 (119.0): -6.0
 118.24 (118.0):  0.2
 118.87 (119.0): -0.1
 120.86 (120.0):  0.9
 118.64 (119.0): -0.4
 121.21 (120.0):  1.2
 119.09 (119.0):  0.1
 113.98 (118.0): -4.0
 117.83 (119.0): -1.2
 118.84 (120.0): -1.2
 117.40 (119.0): -1.6
 119.04 (120.0): -1.0
 123.68 (119.0):  4.7
 114.62 (120.0): -5.4
 118.80 (119.0): -0.2
 116.18 (118.0): -1.8
 115.09 (117.0): -1.9
 115.10 (118.0): -2.9
 113.05 (117.0): -4.0
 117.02 (118.0): -1.0
 114.46 (117.0): -2.5
 113.96 (116.0): -2.0
 115.69 (117.0): -1.3
 117.88 (118.0): -0.1
 121.72 (119.0):  2.7
 118.34 (120.0): -1.7
 114.97 (119.0): -4.0
 118.16 (118.0):  0.2
 118.95 (119.0): -0.1
 118.29 (120.0): -1.7
 116.18 (119.0): -2.8
 120.74 (118.0):  2.7
 115.91 (117.0): -1.1
 115.75 (118.0): -2.2
 121.51 (117.0):  4.5
 117.44 (118.0): -0.6
 117.40 (117.0):  0.4
 117.44 (118.0): -0.6
 121.84 (119.0):  2.8
 118.98 (120.0): -1.0
 117.11 (121.0): -3.9
 118.11 (120.0): -1.9
 115.50 (119.0): -3.5
 116.55 (120.0): -3.4
 117.17 (119.0): -1.8
 119.30 (120.0): -0.7
 118.72 (121.0): -2.3
 123.86 (120.0):  3.9
 114.51 (119.0): -4.5
 119.74 (120.0): -0.3
 116.54 (121.0): -4.5
 123.95 (122.0):  1.9
 125.00 (121.0):  4.0
 123.44 (120.0):  3.4
 119.43 (121.0): -1.6
 120.12 (122.0): -1.9
 118.98 (121.0): -2.0
 118.00 (122.0): -4.0
 118.30 (121.0): -2.7
 124.05 (122.0):  2.0
 122.47 (123.0): -0.5
 121.02 (122.0): -1.0
 124.03 (123.0):  1.0
 122.81 (124.0): -1.2
 117.95 (123.0): -5.0
 120.96 (122.0): -1.0
 119.25 (121.0): -1.8
 125.97 (122.0):  4.0
 116.62 (121.0): -4.4
 115.51 (120.0): -4.5
 116.72 (121.0): -4.3
 125.11 (122.0):  3.1
 120.67 (123.0): -2.3
 125.29 (122.0):  3.3
 123.34 (123.0):  0.3
 120.84 (122.0): -1.2
 120.34 (121.0): -0.7
 121.11 (120.0):  1.1
 123.21 (119.0):  4.2
 117.70 (118.0): -0.3
 118.79 (119.0): -0.2
 116.86 (120.0): -3.1
 122.38 (121.0):  1.4
 124.11 (122.0):  2.1
 124.39 (123.0):  1.4
 120.64 (124.0): -3.4
 128.27 (125.0):  3.3
 125.73 (124.0):  1.7
 120.22 (123.0): -2.8
 118.83 (122.0): -3.2
 119.00 (121.0): -2.0
 120.76 (122.0): -1.2
 127.48 (123.0):  4.5
 126.76 (124.0):  2.8
 120.31 (123.0): -2.7
 123.08 (122.0):  1.1
 124.73 (121.0):  3.7
 120.46 (120.0):  0.5
 113.87 (119.0): -5.1
 122.31 (120.0):  2.3
 117.47 (119.0): -1.5
 116.97 (118.0): -1.0
 116.21 (119.0): -2.8
 120.80 (120.0):  0.8
 123.78 (121.0):  2.8
 116.47 (120.0): -3.5
 118.79 (119.0): -0.2
 118.08 (118.0):  0.1
 113.39 (117.0): -3.6
 116.01 (116.0):  0.0
 113.28 (117.0): -3.7
 125.25 (118.0):  7.3
 109.81 (117.0): -7.2
 118.45 (116.0):  2.5
 112.19 (115.0): -2.8
 113.48 (116.0): -2.5
 118.57 (117.0):  1.6
 116.45 (118.0): -1.6
 121.66 (119.0):  2.7
 119.16 (120.0): -0.8
 124.40 (119.0):  5.4
 120.13 (118.0):  2.1
 115.91 (117.0): -1.1
 118.46 (118.0):  0.5
 116.92 (119.0): -2.1
 117.07 (118.0): -0.9
 118.11 (119.0): -0.9
 119.77 (118.0):  1.8
 119.61 (117.0):  2.6
 119.87 (118.0):  1.9
 118.74 (119.0): -0.3
 118.59 (120.0): -1.4
 117.28 (119.0): -1.7
 116.22 (118.0): -1.8
 119.12 (117.0):  2.1
 116.95 (116.0):  0.9
 112.23 (117.0): -4.8
 122.94 (118.0):  4.9
 116.94 (119.0): -2.1
 118.88 (118.0):  0.9
 117.88 (117.0):  0.9
 119.93 (116.0):  3.9
 111.73 (115.0): -3.3
 116.06 (114.0):  2.1
 115.40 (115.0):  0.4
 115.98 (114.0):  2.0
 107.65 (113.0): -5.4
 111.62 (112.0): -0.4
 107.97 (113.0): -5.0
 113.89 (114.0): -0.1
 117.70 (115.0):  2.7
 112.49 (114.0): -1.5
 114.38 (113.0):  1.4
 116.93 (114.0):  2.9
 113.55 (115.0): -1.5
 116.34 (116.0):  0.3
 113.64 (115.0): -1.4
 114.06 (116.0): -1.9
 114.44 (115.0): -0.6
 118.56 (114.0):  4.6
 109.86 (113.0): -3.1
 107.29 (112.0): -4.7
 109.58 (113.0): -3.4
 111.84 (112.0): -0.2
 114.78 (111.0):  3.8
 110.53 (110.0):  0.5
 113.49 (111.0):  2.5
 116.81 (112.0):  4.8
 110.51 (111.0): -0.5
 112.06 (112.0):  0.1
 115.89 (111.0):  4.9
 109.88 (110.0): -0.1
 111.70 (109.0):  2.7
 108.41 (108.0):  0.4
 110.79 (107.0):  3.8
 113.61 (108.0):  5.6
 104.79 (107.0): -2.2
 105.89 (108.0): -2.1
 111.88 (109.0):  2.9
 109.91 (108.0):  1.9
 108.13 (107.0):  1.1
 107.41 (108.0): -0.6
 107.88 (109.0): -1.1
 110.72 (108.0):  2.7
 102.53 (107.0): -4.5
 102.95 (108.0): -5.1
 111.13 (107.0):  4.1
 110.55 (108.0):  2.6
 105.49 (107.0): -1.5
 107.54 (108.0): -0.5
 109.01 (109.0):  0.0
 103.52 (108.0): -4.5
 108.20 (107.0):  1.2
 106.70 (106.0):  0.7
 101.39 (105.0): -3.6
 108.13 (106.0):  2.1
 102.61 (105.0): -2.4
 103.80 (106.0): -2.2
 108.15 (107.0):  1.2
 105.53 (106.0): -0.5
 100.98 (105.0): -4.0
 103.62 (106.0): -2.4
 110.41 (107.0):  3.4
 106.09 (106.0):  0.1
 107.78 (107.0):  0.8
 104.67 (108.0): -3.3
 109.62 (107.0):  2.6
 113.71 (108.0):  5.7
 108.61 (107.0):  1.6
 105.45 (108.0): -2.5
 104.55 (107.0): -2.5
 108.64 (108.0):  0.6
 103.90 (107.0): -3.1
 111.91 (108.0):  3.9
 110.21 (107.0):  3.2
 102.73 (108.0): -5.3
 106.40 (109.0): -2.6
 105.96 (110.0): -4.0
 106.13 (109.0): -2.9
 110.93 (110.0):  0.9
 110.55 (109.0):  1.6
 111.31 (110.0):  1.3
 107.81 (109.0): -1.2
 109.50 (108.0):  1.5
 104.59 (107.0): -2.4
 104.94 (108.0): -3.1
 111.30 (109.0):  2.3
 112.00 (110.0):  2.0
 110.15 (111.0): -0.9
 113.17 (110.0):  3.2
 107.52 (109.0): -1.5
 110.74 (110.0):  0.7
 109.91 (111.0): -1.1
 107.20 (110.0): -2.8
 104.29 (109.0): -4.7
 109.13 (110.0): -0.9
 109.52 (109.0):  0.5
 107.27 (108.0): -0.7
 109.97 (109.0):  1.0
 105.36 (110.0): -4.6
 110.93 (111.0): -0.1
 107.34 (110.0): -2.7
 104.93 (109.0): -4.1
 112.50 (108.0):  4.5
 107.90 (107.0):  0.9
 103.01 (106.0): -3.0
 101.68 (107.0): -5.3
 106.78 (108.0): -1.2
 112.39 (109.0):  3.4
 110.12 (110.0):  0.1
 111.47 (111.0):  0.5
 106.68 (112.0): -5.3
 108.73 (111.0): -2.3
 109.87 (110.0): -0.1
 110.00 (109.0):  1.0
 105.90 (108.0): -2.1
 103.78 (107.0): -3.2
 107.92 (108.0): -0.1
 100.83 (107.0): -6.2
 103.94 (106.0): -2.1
 100.59 (105.0): -4.4
 105.40 (106.0): -0.6
 102.97 (105.0): -2.0
 101.69 (106.0): -4.3
 108.78 (107.0):  1.8
 111.06 (108.0):  3.1
 111.07 (107.0):  4.1
 104.10 (108.0): -3.9
 108.01 (109.0): -1.0
 110.42 (108.0):  2.4
 106.71 (107.0): -0.3
 106.65 (106.0):  0.7
 104.49 (105.0): -0.5
 105.35 (106.0): -0.6
 100.31 (105.0): -4.7
 100.19 (104.0): -3.8
  99.24 (103.0): -3.8
 104.37 (104.0):  0.4
 103.69 (103.0):  0.7
  98.25 (104.0): -5.7
 106.34 (105.0):  1.3
  97.93 (106.0): -8.1
 112.05 (107.0):  5.1
 103.50 (108.0): -4.5
 108.07 (107.0):  1.1
 105.30 (106.0): -0.7
 100.08 (105.0): -4.9
 100.38 (106.0): -5.6
 107.07 (105.0):  2.1
 109.57 (106.0):  3.6
  96.22 (105.0): -8.8
 100.16 (106.0): -5.8
 109.76 (107.0):  2.8
 105.34 (106.0): -0.7
 109.84 (107.0):  2.8
 113.82 (108.0):  5.8
 110.76 (107.0):  3.8
 104.43 (108.0): -3.6
 111.13 (109.0):  2.1
 107.35 (110.0): -2.7
 109.98 (111.0): -1.0
 111.50 (112.0): -0.5
 111.44 (111.0):  0.4
 109.04 (110.0): -1.0
 108.91 (111.0): -2.1
 108.76 (110.0): -1.2
 114.41 (111.0):  3.4
 107.16 (112.0): -4.8
 117.63 (113.0):  4.6
 109.58 (112.0): -2.4
 109.07 (111.0): -1.9
 119.00 (112.0):  7.0
 113.18 (113.0):  0.2
 114.31 (114.0):  0.3
 113.87 (113.0):  0.9
 115.66 (114.0):  1.7
 113.32 (113.0):  0.3
 117.15 (114.0):  3.1
 115.63 (115.0):  0.6
 110.27 (114.0): -3.7
 116.01 (115.0):  1.0
 107.56 (114.0): -6.4
 118.71 (115.0):  3.7
 117.88 (116.0):  1.9
 113.45 (117.0): -3.5
 120.17 (118.0):  2.2
 124.01 (119.0):  5.0
 120.99 (120.0):  1.0
 115.25 (119.0): -3.8
 120.94 (120.0):  0.9
 119.83 (119.0):  0.8
 116.68 (118.0): -1.3
 112.91 (117.0): -4.1
 116.87 (116.0):  0.9
 114.87 (115.0): -0.1
 110.19 (114.0): -3.8
 112.72 (113.0): -0.3
 113.59 (112.0):  1.6
 110.44 (113.0): -2.6
 115.61 (114.0):  1.6
 113.60 (115.0): -1.4
 115.84 (116.0): -0.2
 114.28 (115.0): -0.7
 112.35 (114.0): -1.6
 111.09 (115.0): -3.9
 118.02 (116.0):  2.0
 112.94 (115.0): -2.1
 115.97 (116.0): -0.0
 115.80 (117.0): -1.2
 119.38 (118.0):  1.4
 120.13 (119.0):  1.1
 120.33 (120.0):  0.3
 120.85 (119.0):  1.9
 123.56 (120.0):  3.6
 115.41 (121.0): -5.6
 118.29 (122.0): -3.7
