Using defaults initial nominal = 100.0, noise = 5.0
For other settings use java Simulation <nom> <noise>
 100.00 (100.0):  0.0
 103.21 ( 99.0):  4.2
 100.49 ( 98.0):  2.5
  92.94 ( 99.0): -6.1
  95.84 ( 98.0): -2.2
  94.77 ( 97.0): -2.2
  99.30 ( 98.0):  1.3
  97.72 ( 97.0):  0.7
  96.54 ( 96.0):  0.5
  96.76 ( 95.0):  1.8
  99.02 ( 96.0):  3.0
  98.53 ( 97.0):  1.5
  92.87 ( 98.0): -5.1
  98.51 ( 97.0):  1.5
  95.69 ( 96.0): -0.3
  91.45 ( 95.0): -3.6
  99.41 ( 96.0):  3.4
  94.34 ( 97.0): -2.7
  94.10 ( 96.0): -1.9
  93.50 ( 97.0): -3.5
  97.32 ( 96.0):  1.3
  90.49 ( 95.0): -4.5
  93.14 ( 94.0): -0.9
  89.42 ( 95.0): -5.6
  93.96 ( 96.0): -2.0
  99.93 ( 97.0):  2.9
  97.19 ( 98.0): -0.8
 100.78 ( 99.0):  1.8
 100.12 (100.0):  0.1
  98.49 (101.0): -2.5
  96.58 (100.0): -3.4
  99.76 (101.0): -1.2
  98.05 (100.0): -2.0
  96.98 ( 99.0): -2.0
  99.60 (100.0): -0.4
  98.15 (101.0): -2.8
 101.02 (102.0): -1.0
 100.38 (103.0): -2.6
 106.57 (104.0):  2.6
  95.59 (105.0): -9.4
 107.00 (106.0):  1.0
 100.52 (105.0): -4.5
 100.87 (106.0): -5.1
 106.49 (107.0): -0.5
 102.10 (108.0): -5.9
 104.96 (107.0): -2.0
 104.64 (108.0): -3.4
 105.94 (107.0): -1.1
  98.58 (106.0): -7.4
 104.46 (105.0): -0.5
 108.96 (104.0):  5.0
  97.58 (103.0): -5.4
 103.34 (104.0): -0.7
 106.73 (105.0):  1.7
 105.57 (106.0): -0.4
 104.63 (107.0): -2.4
 114.89 (108.0):  6.9
 108.41 (109.0): -0.6
 107.61 (108.0): -0.4
 111.88 (109.0):  2.9
 110.43 (110.0):  0.4
 107.59 (109.0): -1.4
 107.47 (108.0): -0.5
 112.88 (107.0):  5.9
 109.77 (108.0):  1.8
 103.24 (109.0): -5.8
 112.21 (110.0):  2.2
 102.90 (109.0): -6.1
 109.96 (110.0): -0.0
 105.35 (111.0): -5.6
 104.35 (112.0): -7.6
 108.78 (111.0): -2.2
 112.40 (112.0):  0.4
 110.06 (111.0): -0.9
 115.10 (112.0):  3.1
 108.34 (111.0): -2.7
 113.05 (112.0):  1.1
 110.81 (111.0): -0.2
 112.59 (110.0):  2.6
 102.27 (111.0): -8.7
 111.17 (112.0): -0.8
 107.04 (111.0): -4.0
 112.13 (112.0):  0.1
 108.12 (111.0): -2.9
 111.66 (110.0):  1.7
 108.46 (111.0): -2.5
 111.28 (112.0): -0.7
 115.63 (113.0):  2.6
 109.27 (114.0): -4.7
 112.58 (115.0): -2.4
 114.30 (114.0):  0.3
 114.04 (115.0): -1.0
 114.48 (114.0):  0.5
 114.72 (115.0): -0.3
 114.25 (114.0):  0.3
 113.09 (113.0):  0.1
 114.25 (112.0):  2.2
 110.75 (111.0): -0.2
 115.22 (112.0):  3.2
 110.97 (113.0): -2.0
 105.66 (114.0): -8.3
 117.56 (115.0):  2.6
 116.35 (116.0):  0.3
 113.70 (117.0): -3.3
 115.76 (118.0): -2.2
 119.66 (119.0):  0.7
 121.75 (118.0):  3.7
 113.64 (117.0): -3.4
 119.88 (118.0):  1.9
 126.37 (119.0):  7.4
 123.57 (118.0):  5.6
 117.56 (119.0): -1.4
 114.08 (118.0): -3.9
 118.43 (117.0):  1.4
 115.03 (116.0): -1.0
 117.98 (117.0):  1.0
 119.24 (116.0):  3.2
 113.93 (115.0): -1.1
 112.57 (114.0): -1.4
 109.53 (115.0): -5.5
 109.08 (114.0): -4.9
 115.44 (115.0):  0.4
 121.70 (114.0):  7.7
 115.31 (113.0):  2.3
 115.51 (114.0):  1.5
 116.25 (115.0):  1.2
 117.01 (116.0):  1.0
 109.75 (115.0): -5.2
 119.53 (114.0):  5.5
 110.98 (115.0): -4.0
 119.44 (114.0):  5.4
 113.25 (115.0): -1.7
 115.58 (116.0): -0.4
 112.43 (115.0): -2.6
 116.55 (114.0):  2.5
 112.16 (113.0): -0.8
 113.18 (112.0):  1.2
 109.71 (113.0): -3.3
 107.18 (112.0): -4.8
 108.28 (111.0): -2.7
 106.99 (110.0): -3.0
 112.79 (111.0):  1.8
 107.16 (110.0): -2.8
 106.65 (111.0): -4.4
 107.70 (110.0): -2.3
 107.19 (111.0): -3.8
 110.80 (110.0):  0.8
 116.39 (109.0):  7.4
 107.69 (110.0): -2.3
 119.11 (111.0):  8.1
 109.21 (112.0): -2.8
 108.94 (113.0): -4.1
 111.34 (114.0): -2.7
 108.18 (113.0): -4.8
 111.87 (112.0): -0.1
 113.07 (111.0):  2.1
 108.38 (110.0): -1.6
 106.04 (109.0): -3.0
 100.65 (108.0): -7.4
 105.94 (107.0): -1.1
 103.07 (106.0): -2.9
 103.46 (107.0): -3.5
  99.84 (106.0): -6.2
 100.96 (105.0): -4.0
  99.28 (104.0): -4.7
  99.74 (103.0): -3.3
 103.77 (104.0): -0.2
  98.44 (103.0): -4.6
  94.30 (102.0): -7.7
 111.33 (103.0):  8.3
 102.95 (102.0):  1.0
 102.28 (101.0):  1.3
  98.67 (100.0): -1.3
 101.64 (101.0):  0.6
 100.65 (102.0): -1.4
 101.83 (101.0):  0.8
  92.93 (102.0): -9.1
  98.27 (101.0): -2.7
 100.04 (100.0):  0.0
  90.68 ( 99.0): -8.3
  94.71 ( 98.0): -3.3
 104.34 ( 97.0):  7.3
  90.86 ( 96.0): -5.1
  98.08 ( 95.0):  3.1
  95.96 ( 96.0): -0.0
  98.08 ( 97.0):  1.1
  89.68 ( 96.0): -6.3
  94.39 ( 95.0): -0.6
  92.83 ( 96.0): -3.2
  96.96 ( 95.0):  2.0
  94.12 ( 94.0):  0.1
  88.15 ( 95.0): -6.9
  92.25 ( 96.0): -3.8
  99.11 ( 97.0):  2.1
  98.60 ( 98.0):  0.6
  97.60 ( 99.0): -1.4
  95.43 ( 98.0): -2.6
  94.59 ( 97.0): -2.4
  98.75 ( 98.0):  0.7
  95.44 ( 97.0): -1.6
  98.30 ( 96.0):  2.3
  96.23 ( 95.0):  1.2
  95.23 ( 94.0):  1.2
  93.74 ( 95.0): -1.3
 102.34 ( 96.0):  6.3
  96.23 ( 95.0):  1.2
  89.70 ( 94.0): -4.3
  91.92 ( 93.0): -1.1
  89.03 ( 92.0): -3.0
  93.33 ( 93.0):  0.3
  90.83 ( 92.0): -1.2
  93.68 ( 93.0):  0.7
  91.91 ( 92.0): -0.1
  88.08 ( 91.0): -2.9
  90.17 ( 90.0):  0.2
  90.45 ( 91.0): -0.5
  91.66 ( 92.0): -0.3
  91.85 ( 91.0):  0.8
  93.01 ( 90.0):  3.0
  92.57 ( 89.0):  3.6
  90.71 ( 90.0):  0.7
  89.05 ( 91.0): -2.0
  90.50 ( 90.0):  0.5
  96.96 ( 91.0):  6.0
  88.39 ( 92.0): -3.6
  84.43 ( 91.0): -6.6
  92.61 ( 90.0):  2.6
  89.11 ( 91.0): -1.9
  88.61 ( 90.0): -1.4
  90.13 ( 89.0):  1.1
  80.72 ( 88.0): -7.3
  88.55 ( 89.0): -0.5
  84.53 ( 88.0): -3.5
  92.98 ( 89.0):  4.0
  90.62 ( 88.0):  2.6
  84.35 ( 87.0): -2.7
  86.99 ( 86.0):  1.0
  91.59 ( 85.0):  6.6
  80.41 ( 86.0): -5.6
  89.50 ( 85.0):  4.5
  85.19 ( 84.0):  1.2
  85.73 ( 85.0):  0.7
  85.20 ( 84.0):  1.2
  84.51 ( 85.0): -0.5
  81.81 ( 84.0): -2.2
  79.38 ( 85.0): -5.6
  84.61 ( 84.0):  0.6
  82.51 ( 85.0): -2.5
  90.30 ( 86.0):  4.3
  84.30 ( 87.0): -2.7
  90.17 ( 88.0):  2.2
  86.27 ( 87.0): -0.7
  88.71 ( 86.0):  2.7
  85.61 ( 85.0):  0.6
  87.72 ( 84.0):  3.7
  81.97 ( 85.0): -3.0
  80.19 ( 84.0): -3.8
  78.80 ( 83.0): -4.2
  80.71 ( 82.0): -1.3
  80.77 ( 81.0): -0.2
  81.51 ( 80.0):  1.5
  79.12 ( 81.0): -1.9
  86.14 ( 80.0):  6.1
  82.97 ( 79.0):  4.0
  81.19 ( 78.0):  3.2
  79.48 ( 77.0):  2.5
  75.90 ( 78.0): -2.1
  79.06 ( 77.0):  2.1
  75.72 ( 78.0): -2.3
  73.19 ( 79.0): -5.8
  74.45 ( 80.0): -5.6
  82.46 ( 81.0):  1.5
  82.56 ( 82.0):  0.6
  73.31 ( 81.0): -7.7
  81.92 ( 82.0): -0.1
  87.81 ( 83.0):  4.8
  84.21 ( 84.0):  0.2
  85.65 ( 85.0):  0.6
  86.18 ( 86.0):  0.2
  92.59 ( 87.0):  5.6
  81.81 ( 86.0): -4.2
  80.49 ( 87.0): -6.5
  87.54 ( 88.0): -0.5
  82.04 ( 89.0): -7.0
  88.11 ( 88.0):  0.1
  85.66 ( 89.0): -3.3
  92.01 ( 90.0):  2.0
  91.34 ( 91.0):  0.3
  82.15 ( 90.0): -7.9
  81.70 ( 91.0): -9.3
  86.93 ( 90.0): -3.1
  90.09 ( 91.0): -0.9
  95.44 ( 92.0):  3.4
  92.93 ( 93.0): -0.1
  95.39 ( 92.0):  3.4
  86.66 ( 93.0): -6.3
  98.64 ( 94.0):  4.6
  94.78 ( 95.0): -0.2
  92.89 ( 94.0): -1.1
  91.08 ( 93.0): -1.9
  91.93 ( 92.0): -0.1
  90.26 ( 93.0): -2.7
  96.16 ( 94.0):  2.2
  90.17 ( 93.0): -2.8
  95.69 ( 92.0):  3.7
  90.04 ( 91.0): -1.0
  82.07 ( 90.0): -7.9
  88.10 ( 91.0): -2.9
  92.08 ( 92.0):  0.1
  88.84 ( 91.0): -2.2
  89.62 ( 92.0): -2.4
  91.15 ( 93.0): -1.9
  91.03 ( 94.0): -3.0
  91.24 ( 95.0): -3.8
 100.38 ( 96.0):  4.4
  92.04 ( 95.0): -3.0
  87.52 ( 94.0): -6.5
  94.73 ( 93.0):  1.7
  95.28 ( 94.0):  1.3
  88.31 ( 93.0): -4.7
  95.15 ( 92.0):  3.1
  98.42 ( 93.0):  5.4
  93.61 ( 94.0): -0.4
  89.93 ( 95.0): -5.1
  96.29 ( 94.0):  2.3
  91.21 ( 95.0): -3.8
  87.60 ( 94.0): -6.4
  90.30 ( 95.0): -4.7
  92.71 ( 94.0): -1.3
  84.01 ( 95.0): -11.0
  89.28 ( 94.0): -4.7
  94.02 ( 95.0): -1.0
  97.50 ( 96.0):  1.5
  97.72 ( 97.0):  0.7
 100.06 ( 98.0):  2.1
  96.98 ( 97.0): -0.0
  95.95 ( 96.0): -0.1
  96.82 ( 97.0): -0.2
  97.63 ( 98.0): -0.4
 100.25 ( 99.0):  1.3
 104.45 (100.0):  4.4
  91.05 ( 99.0): -8.0
 102.84 ( 98.0):  4.8
 101.04 ( 97.0):  4.0
 102.96 ( 98.0):  5.0
  97.67 ( 99.0): -1.3
  93.29 ( 98.0): -4.7
  98.39 ( 99.0): -0.6
  94.99 ( 98.0): -3.0
  98.51 ( 97.0):  1.5
 106.15 ( 98.0):  8.2
  99.93 ( 99.0):  0.9
  94.39 ( 98.0): -3.6
 100.92 ( 99.0):  1.9
 101.39 (100.0):  1.4
  99.56 ( 99.0):  0.6
  97.01 ( 98.0): -1.0
  94.53 ( 99.0): -4.5
 101.06 (100.0):  1.1
 104.13 ( 99.0):  5.1
  90.78 ( 98.0): -7.2
  94.47 ( 97.0): -2.5
  92.38 ( 96.0): -3.6
  96.07 ( 97.0): -0.9
  94.12 ( 96.0): -1.9
  94.71 ( 95.0): -0.3
  95.34 ( 94.0):  1.3
  97.28 ( 93.0):  4.3
  89.92 ( 92.0): -2.1
  87.69 ( 93.0): -5.3
  94.25 ( 94.0):  0.2
  98.18 ( 95.0):  3.2
  98.71 ( 94.0):  4.7
  93.41 ( 93.0):  0.4
  93.09 ( 92.0):  1.1
  90.30 ( 91.0): -0.7
  86.13 ( 92.0): -5.9
  91.38 ( 93.0): -1.6
 101.00 ( 94.0):  7.0
  96.68 ( 95.0):  1.7
  92.35 ( 96.0): -3.7
  92.41 ( 95.0): -2.6
  93.59 ( 94.0): -0.4
  95.21 ( 93.0):  2.2
  95.65 ( 94.0):  1.7
 100.24 ( 95.0):  5.2
  93.67 ( 94.0): -0.3
  97.48 ( 95.0):  2.5
  95.82 ( 96.0): -0.2
  88.65 ( 97.0): -8.4
 101.33 ( 98.0):  3.3
  92.66 ( 97.0): -4.3
  93.55 ( 96.0): -2.4
  98.74 ( 95.0):  3.7
  92.19 ( 96.0): -3.8
  98.18 ( 95.0):  3.2
  86.32 ( 96.0): -9.7
  95.35 ( 95.0):  0.3
  93.79 ( 94.0): -0.2
  93.97 ( 95.0): -1.0
  90.52 ( 96.0): -5.5
  95.53 ( 97.0): -1.5
 100.22 ( 98.0):  2.2
  96.49 ( 97.0): -0.5
  96.14 ( 98.0): -1.9
 103.95 ( 97.0):  7.0
  96.35 ( 98.0): -1.7
  98.01 ( 97.0):  1.0
  95.56 ( 98.0): -2.4
